Beginning Net Asset Value	Additions	Withdrawals	Fee Payments	Equity Adjustments	Gross Trading Profit (Loss)	Brokerage Commissions	Net Trading Profit (Loss)	Open Trade Equity	Change in Open Trade Equity	Net Performance w/o Fees	High Watermark	Incentive Fee	Management Fee	Net Performance	Unrelated Items	Ending Net Asset Value	Cum. Fees Payable	Monthly Rate of Return	VAMI
0	1000.261494	0	0	0	4546.643138	0	3546.381644	-4547.68358	0	3546.381644	0	909.3286276	90.93286676	2546.120149	0	1003546.382	0	0.003546382	1000000
0	390.905896	0	0	0	4048.407698	0	3157.758001	-4047.939779	499.7438016	3657.501802	0	809.6815396	80.96815796	2766.852104	0	1003157.758	0	0.003157758	1003157.758
0	890.3125144	0	0	0	4046.874602	0	3156.562187	-4047.939879	-1.00E-04	3156.562087	0	809.3749203	80.93749403	2266.249673	0	1003156.562	0	0.003156562	1006324.288
0	280.7825453	0	0	0	3548.949295	0	2768.180448	-3547.953577	499.9863016	3268.166749	0	709.7898589	70.97898789	2487.397903	0	1002768.18	0	0.00276818	1009109.975
0	780.3125582	0	0	0	3546.875256	0	2766.562697	-3547.953577	0	2766.562697	0	709.3750511	70.93750711	1986.250139	0	1002766.563	0	0.002766563	1011901.741
0	170.6292797	0	0	0	3048.252633	0	2377.637052	-3047.967275	499.9863016	2877.623353	0	609.6505266	60.96505466	2207.007772	0	1002377.637	0	0.002377637	1014307.676
0	670.0165429	0	0	0	3046.633368	0	2376.374025	-3047.724475	0.2428	2376.616825	0	609.3266736	60.93266936	1706.357482	0	1002376.374	0	0.002376374	1016718.051
0	61.41790133	0	0	0	2550.73364	0	1989.572238	-2547.980974	499.7435016	2489.315739	0	510.1467281	51.01467481	1928.154336	0	1001989.572	0	0.001989572	1018740.885
0	560.3130557	0	0	0	2546.877517	0	1986.564461	-2547.980974	0	1986.564461	0	509.3755034	50.93755234	1426.251405	0	1001986.564	0	0.001986564	1020764.679
0	299.6252978	0	0	0	2499.371121	0	1949.509472	-2297.744623	250.2363508	2199.745823	0	499.8742242	49.98742442	1649.884175	0	1001949.509	0	0.001949509	1022754.669
0	507.5545826	0	0	0	2307.066275	0	1799.511693	-2297.744623	0	1799.511693	0	461.4132551	46.14132751	1291.95711	0	1001799.512	0	0.001799512	1024595.128
0	202.1214148	0	0	0	2055.066198	0	1602.951633	-2047.751472	249.9931508	1852.944783	0	411.0132397	41.10132597	1400.830218	0	1001602.952	0	0.001602952	1026237.505
0	453.487098	0	0	0	2064.747227	0	1610.502829	-2046.994172	0.7573	1611.260129	0	412.9494454	41.29495254	1157.015731	0	1001610.503	0	0.001610503	1027890.263
0	208.8733543	0	0	0	2085.756805	0	1626.8903	-1797.001022	249.9931508	1876.883451	0	417.151361	41.7151441	1418.016945	0	1001626.89	0	0.00162689	1029562.528
0	401.3392718	0	0	0	1824.269381	0	1422.930109	-1797.001022	0	1422.930109	0	364.8538762	36.48539562	1021.590837	0	1001422.93	0	0.00142293	1031027.523
0	92.68710005	0	0	0	1557.731458	0	1215.030107	-1546.986771	250.0142508	1465.044358	0	311.5462917	31.15505917	1122.343007	0	1001215.03	0	0.00121503	1032280.253
0	344.7110782	0	0	0	1566.771255	0	1222.081577	-1547.008171	-0.0214	1222.060177	0	313.3542511	31.33542711	877.370499	0	1001222.082	0	0.001222082	1033541.784
0	121.9600904	0	0	0	1690.816369	0	1318.836228	-1296.98812	250.0200508	1568.856279	0	338.1632738	33.81686738	1196.876137	0	1001318.836	0	0.001318836	1034904.856
0	301.1437909	0	0	0	1368.832959	0	1067.689168	-1296.98812	0	1067.689168	0	273.7665917	27.37719917	766.5453769	0	1001067.689	0	0.001067689	1036009.813
0	0	18.22854552	0	0	1053.481933	0	821.7153277	-1046.992969	249.9951508	1071.710479	0	210.6963866	21.07021866	839.9438732	0	1000821.715	0	0.000821715	1036861.118
0	230.2154923	0	0	0	1046.303138	0	816.1164454	-1047.021769	-0.0288	816.0876454	0	209.2606275	20.92606475	585.9009531	0	1000816.116	0	0.000816116	1037707.317
0	47.57286478	0	0	0	1352.572334	0	1055.006419	-797.0287184	249.9930508	1304.99947	0	270.5144669	27.05144869	1007.433554	0	1001055.006	0	0.001055006	1038802.105
0	178.0009394	0	0	0	809.103188	0	631.1004487	-797.0269184	0.0018	631.1022487	0	161.8206376	16.18210176	453.0995093	0	1000631.1	0	0.0006311	1039457.694
0	0	125.308931	0	0	566.8269079	0	442.1245882	-547.0156676	250.0112508	692.1358389	0	113.3653816	11.33693816	567.4335192	0	1000442.125	0	0.000442125	1039917.263
0	123.473445	0	0	0	561.1529136	0	437.6992686	-547.0354676	-0.0198	437.6794686	0	112.2305827	11.22306227	314.2258236	0	1000437.699	0	0.000437699	1040372.434
0	0	18.18510825	0	0	1053.716111	0	821.898369	-297.0326168	250.0028508	1071.90122	0	210.7432223	21.07452023	840.0834772	0	1000821.898	0	0.000821898	1041227.515
0	72.67364698	0	0	0	330.2933227	0	257.6287757	-297.0417168	-0.0091	257.6196757	0	66.05866453	6.605882453	184.9551287	0	1000257.629	0	0.000257629	1041495.765
0	0	211.8985984	0	0	173.1823747	0	135.0821222	-47.04286605	249.9988508	385.080973	0	34.63647493	3.463777493	346.9807206	0	1000135.082	0	0.000135082	1041636.452
0	33.87274772	0	0	0	153.9486351	0	120.0798874	-47.04686605	-0.004	120.0758874	0	30.78972702	3.079020702	86.20713965	0	1000120.08	0	0.00012008	1041761.532
0	0	26.71861938	0	0	92.41181215	0	72.08116548	0.0024	47.04926605	119.1304315	0	18.48236243	1.848284243	98.79978486	0	1000072.081	0	7.21E-05	1041836.623
0	19.7643693	0	0	0	89.86054227	0	70.09107297	0.0075	0.0051	70.09617297	0	17.97210845	1.797360845	50.32670367	0	1000070.091	0	7.01E-05	1041909.647
0	9.571808164	0	0	0	43.4821462	0	33.91603804	0.0018	-0.0057	33.91033804	0	8.69642924	0.869678924	24.34422987	0	1000033.916	0	3.39E-05	1041944.984
0	5.603174006	0	0	0	25.50310912	0	19.89223511	0.0095	0.0077	19.89993511	0	5.100621824	0.510252182	14.28906111	0	1000019.892	0	1.99E-05	1041965.711
0	5.12721773	0	0	0	23.26368968	0	18.14567195	0.0003	-0.0092	18.13647195	0	4.652737936	0.465279794	13.01845422	0	1000018.146	0	1.81E-05	1041984.618
0	70.86761137	0	0	0	322.1254789	0	251.2578676	0.0003	0	251.2578676	0	64.42509579	6.442515579	180.3902562	0	1000251.258	0	0.000251258	1042246.425
0	5.359179654	0	0	0	24.35988025	0	19.00070059	0.0003	0	19.00070059	0	4.871976049	0.487203605	13.64152094	0	1000019.001	0	1.90E-05	1042266.228
0	10.69115908	0	0	0	48.59615038	0	37.9049913	0.0003	0	37.9049913	0	9.719230076	0.971929008	27.21383221	0	1000037.905	0	3.79E-05	1042305.735
0	65.1915278	0	0	0	296.3246536	0	231.1332258	0.0002	-1.00E-04	231.1331258	0	59.26493072	5.926497072	165.941698	0	1000231.133	0	0.000231133	1042546.647
0	43.94305165	0	0	0	199.7411257	0	155.798074	0.0002	0	155.798074	0	39.94822513	3.994826513	111.8550224	0	1000155.798	0	0.000155798	1042709.074
0	5.140344386	0	0	0	23.36607448	0	18.2255301	0.0004	0.0002	18.2257301	0	4.673214896	0.46732949	13.08518571	0	1000018.226	0	1.82E-05	1042728.078
0	6.508712393	0	0	0	29.5836836	0	23.07527121	0.0001	-0.0003	23.07497121	0	5.916736721	0.591675672	16.56655882	0	1000023.075	0	2.31E-05	1042752.139
0	4.120116999	0	0	0	18.72913181	0	14.60871481	0.0004	0.0003	14.60901481	0	3.745826362	0.374590636	10.48859781	0	1000014.609	0	1.46E-05	1042767.372
0	3.871023327	0	0	0	17.83428785	0	13.90966452	0.054	0.0536	13.96326452	0	3.56685757	0.357765757	10.0386412	0	1000013.91	0	1.39E-05	1042781.877
0	0.055307756	0	0	0	0.006389798	0	0.004982043	0.0001	-0.0539	-0.048917957	0	0.00127796	0.000129796	-0.050325713	0	1000000.005	0	4.98E-09	1042781.882
0	1.034309356	0	0	0	4.701397073	0	3.667087717	0.0001	0	3.667087717	0	0.940279415	0.094029941	2.632778361	0	1000003.667	0	3.67E-06	1042785.706
0	0.001084492	0	0	0	0.004920419	0	0.003835927	0.0001	0	0.003835927	0	0.000984084	0.000100408	0.002751434	0	1000000.004	0	3.84E-09	1042785.71
0	1.78451465	0	0	0	8.111421135	0	6.326906485	0.0001	0	6.326906485	0	1.622284227	0.162230423	4.542391836	0	1000006.327	0	6.33E-06	1042792.307
0	0.004467684	0	0	0	0.02074402	0	0.016176336	0.0002	0.0001	0.016276336	0	0.004148804	0.00041888	0.011708651	0	1000000.016	0	1.62E-08	1042792.324
0	1.415500106	0	0	0	6.43407321	0	5.018573104	0.0002	0	5.018573104	0	1.286814642	0.128685464	3.603072998	0	1000005.019	0	5.02E-06	1042797.558
0	4340.538708	0	0	0	3559.128543	0	2776.120259	-3557.530224	-3557.530424	-781.410165	0	711.8257085	71.18257485	-1564.418448	0	1002776.12	0	0.00277612	1045692.489
0	782.1924427	0	0	0	3555.41973	0	2773.227388	-3557.530324	-1.00E-04	2773.227288	0	711.0839461	71.10839661	1991.034945	0	1002773.227	0	0.002773227	1048592.432
0	172.6514333	0	0	0	3057.381976	0	2384.757939	-3057.557721	499.9726035	2884.730543	0	611.4763952	61.14764152	2212.106506	0	1002384.758	0	0.002384758	1051093.071
0	674.3970484	0	0	0	3065.441566	0	2391.044417	-3057.557621	1.00E-04	2391.044517	0	613.0883131	61.30883531	1716.647369	0	1002391.044	0	0.002391044	1053606.281
0	63.63928973	0	0	0	2561.872224	0	1998.260331	-2557.585017	499.9726035	2498.232934	0	512.3744447	51.23744847	1934.621041	0	1001998.26	0	0.00199826	1055711.661
0	565.7962286	0	0	0	2571.801466	0	2006.005138	-2557.584917	0.0001	2006.005238	0	514.3602932	51.43603532	1440.208909	0	1002006.005	0	0.002006005	1057829.424
0	0	45.18370961	0	0	2067.222218	0	1612.433324	-2057.612314	499.9726035	2112.405927	0	413.4444435	41.34445035	1657.617033	0	1001612.433	0	0.001612433	1059535.104
0	454.3218417	0	0	0	2065.098362	0	1610.776721	-2057.612514	-0.0002	1610.776521	0	413.0196725	41.30196925	1156.454879	0	1001610.777	0	0.001610777	1061241.778
0	0	152.1998979	0	0	1580.785016	0	1233.012311	-1557.63991	499.9726035	1732.984914	0	316.1570033	31.61570233	1385.212209	0	1001233.012	0	0.001233012	1062550.302
0	344.7757244	0	0	0	1567.165493	0	1222.389068	-1557.63921	0.0007	1222.389768	0	313.4330986	31.34332586	877.613344	0	1001222.389	0	0.001222389	1063849.152
0	196.0462629	0	0	0	2027.420676	0	1581.388111	-1307.652909	249.9863017	1831.374413	0	405.4841352	40.54842952	1385.341848	0	1001581.388	0	0.001581388	1065531.51
0	355.0293955	0	0	0	1613.769907	0	1258.740511	-1307.652909	0	1258.740511	0	322.7539814	32.27541414	903.7111158	0	1001258.741	0	0.001258741	1066872.738
0	159.8847679	0	0	0	1863.161608	0	1453.265538	-1057.641607	250.0113017	1703.27684	0	372.6323215	37.26374815	1293.38077	0	1001453.266	0	0.001453266	1068423.188
0	236.5323362	0	0	0	1075.033719	0	838.5262829	-1057.666507	-0.0249	838.5013829	0	215.0067438	21.50069238	601.9939467	0	1000838.526	0	0.000838526	1069319.088
0	124.8930574	0	0	0	1704.084314	0	1329.185355	-807.6606051	250.0059017	1579.191257	0	340.8168628	34.08209628	1204.292298	0	1001329.185	0	0.001329185	1070740.412
0	244.9559951	0	0	0	1113.362314	0	868.422519	-807.6768051	-0.0162	868.406319	0	222.6724628	22.26733228	623.4665239	0	1000868.423	0	0.000868423	1071670.267
0	0	109.5174793	0	0	638.5374657	0	498.0589432	-557.6808033	249.9960017	748.054945	0	127.7074931	12.77102931	607.5764225	0	1000498.059	0	0.000498059	1072204.022
0	139.5814752	0	0	0	634.4074145	0	494.8377393	-557.6926033	-0.0118	494.8259393	0	126.8814829	12.68819229	355.2562641	0	1000494.838	0	0.000494838	1072734.589
0	63.40049505	0	0	0	1424.786795	0	1111.333698	-307.6400016	250.0526017	1361.386299	0	284.9573589	28.49573789	1047.933203	0	1001111.334	0	0.001111334	1073926.755
0	175.1696321	0	0	0	796.2625639	0	621.0846318	-307.6317016	0.0083	621.0929318	0	159.2525128	15.92541928	445.9149998	0	1000621.085	0	0.000621085	1074593.754
0	0	179.4263117	0	0	320.7202277	0	250.1616376	-57.64679983	249.9849017	500.1465393	0	64.14404554	6.414544554	429.5879493	0	1000250.162	0	0.000250162	1074862.576
0	66.4435142	0	0	0	303.5072918	0	236.7355776	-57.31859983	0.3282	237.0637776	0	60.70145837	6.070255837	170.2920634	0	1000236.736	0	0.000236736	1075117.035
0	100.749376	0	0	0	718.5152993	0	560.4418234	0.0055	57.32409983	617.7659233	0	143.7030599	14.37041599	459.6924474	0	1000560.442	0	0.000560442	1075719.575
0	165.5099192	0	0	0	752.3173144	0	586.8073952	0.0055	0	586.8073952	0	150.4634629	15.04645629	421.2974761	0	1000586.807	0	0.000586807	1076350.815
0	27.71594598	0	0	0	125.9672635	0	98.25441756	0.0024	-0.0031	98.25131756	0	25.19345271	2.519393271	70.53847158	0	1000098.254	0	9.83E-05	1076456.572
0	24.43513258	0	0	0	111.1135572	0	86.6683246	0.0125	0.0101	86.6784246	0	22.22271144	2.222521144	62.23319202	0	1000086.668	0	8.67E-05	1076549.866
0	116.2897352	0	0	0	528.5885692	0	412.298834	0.0125	0	412.298834	0	105.7177138	10.57202138	296.0090987	0	1000412.299	0	0.000412299	1076993.727
0	120.4540305	0	0	0	547.5171839	0	427.0631535	0.0125	0	427.0631535	0	109.5034368	10.95059368	306.609123	0	1000427.063	0	0.000427063	1077453.671
0	9.679636844	0	0	0	43.94821293	0	34.27957608	0.0015	-0.011	34.26857608	0	8.789642585	0.878994259	24.59993924	0	1000034.28	0	3.43E-05	1077490.606
0	104.112976	0	0	0	473.3475729	0	369.2105969	0.0255	0.024	369.2345969	0	94.66951458	9.467461458	265.0976208	0	1000369.211	0	0.000369211	1077888.426
0	81.37231696	0	0	0	369.8718498	0	288.4995329	0.0255	0	288.4995329	0	73.97436996	7.397946996	207.1272159	0	1000288.5	0	0.0002885	1078199.397
0	89.27310611	0	0	0	405.7845278	0	316.5114217	0.0255	0	316.5114217	0	81.15690556	8.116200556	227.2383156	0	1000316.511	0	0.000316511	1078540.659
0	3.952653714	0	0	0	17.85248052	0	13.9249268	0.0004	-0.0251	13.8998268	0	3.570496103	0.35705761	9.972273089	0	1000013.925	0	1.39E-05	1078555.678
0	11.14011263	0	0	0	50.63683924	0	39.49672661	0.0004	0	39.49672661	0	10.12736785	1.012744785	28.35661398	0	1000039.497	0	3.95E-05	1078598.277
0	5.932343058	0	0	0	26.9647139	0	21.03247084	0.0003	-0.0001	21.03237084	0	5.39294278	0.539300278	15.10012778	0	1000021.032	0	2.10E-05	1078620.963
0	7.472706322	0	0	0	33.96681964	0	26.49411332	0.0003	0	26.49411332	0	6.793363929	0.679342393	19.021407	0	1000026.494	0	2.65E-05	1078649.54
0	4.441977955	0	0	0	20.19122707	0	15.74914911	0.0004	0.0001	15.74924911	0	4.038245414	0.403832541	11.30717116	0	1000015.749	0	1.57E-05	1078666.528
0	2.626792444	0	0	0	12.32346565	0	9.610573209	0.0865	0.0861	9.696673209	0	2.464693131	0.248199313	6.983780765	0	1000009.611	0	9.61E-06	1078676.894
0	4.164087202	0	0	0	18.5362691	0	14.4582819	0.0004	-0.0861	14.3721819	0	3.70725382	0.370733382	10.2941947	0	1000014.458	0	1.45E-05	1078692.49
0	4.015935954	0	0	0	18.25421798	0	14.23828202	0.0004	0	14.23828202	0	3.650843595	0.36509236	10.22234607	0	1000014.238	0	1.42E-05	1078707.849
0	3.695092706	0	0	0	16.79494866	0	13.10005596	0.0002	-0.0002	13.09985596	0	3.358989733	0.335902973	9.404963251	0	1000013.1	0	1.31E-05	1078721.98
0	3.265468522	0	0	0	14.84302056	0	11.57755203	0.0002	0	11.57755203	0	2.968604111	0.296864411	8.312083511	0	1000011.578	0	1.16E-05	1078734.469
0	4458.983133	0	0	0	4054.581761	0	3162.57377	-3566.974942	-3566.975142	-404.4013722	0	810.9163522	81.09163922	-1296.409364	0	1003162.574	0	0.003162574	1082146.046
0	786.3850174	0	0	0	3574.477333	0	2788.092316	-3566.974942	0	2788.092316	0	714.8954667	71.48955067	2001.707299	0	1002788.092	0	0.002788092	1085163.169
0	298.5864034	0	0	0	3629.751387	0	2831.206078	-3067.016036	499.9589058	3331.164984	0	725.9502775	72.59503175	2532.619675	0	1002831.206	0	0.002831206	1088235.49
0	678.10807	0	0	0	3082.309836	0	2404.201666	-3067.015936	0.0001	2404.201766	0	616.4619672	61.64620272	1726.093596	0	1002404.202	0	0.002404202	1090851.828
0	207.109487	0	0	0	3213.947213	0	2506.87882	-2567.05703	499.9589058	3006.837726	0	642.7894425	64.27895025	2299.769333	0	1002506.879	0	0.002506879	1093586.461
0	568.7987628	0	0	0	2585.44934	0	2016.650477	-2567.05693	1.00E-04	2016.650577	0	517.089868	51.7089948	1447.851714	0	1002016.65	0	0.00201665	1095791.843
0	122.3711577	0	0	0	2828.77298	0	2206.442916	-2067.098025	499.9589058	2706.401822	0	565.7545959	56.57546759	2084.071758	0	1002206.443	0	0.002206443	1098209.645
0	460.3882871	0	0	0	2092.673996	0	1632.285709	-2067.098025	0	1632.285709	0	418.5347992	41.85348792	1171.897422	0	1001632.286	0	0.001632286	1100002.237
0	42.89501302	0	0	0	2467.517776	0	1924.663858	-1567.139119	499.9589058	2424.622763	0	493.5035553	49.35036353	1881.768845	0	1001924.664	0	0.001924664	1102119.371
0	355.2933659	0	0	0	1614.969809	0	1259.676443	-1567.139119	0	1259.676443	0	322.9939618	32.29940418	904.3830769	0	1001259.676	0	0.001259676	1103507.685
0	256.7620149	0	0	0	2303.370272	0	1796.628804	-1317.159666	249.9794529	2046.608257	0	460.6740543	46.06741343	1539.866789	0	1001796.629	0	0.001796629	1105490.279
0	353.4703296	0	0	0	1606.68328	0	1253.21295	-1317.159666	0	1253.21295	0	321.336656	32.1336736	899.7426208	0	1001253.213	0	0.001253213	1106875.693
0	221.5737186	0	0	0	2143.42347	0	1671.870299	-1067.180213	249.9794529	1921.849752	0	428.6846941	42.86847741	1450.29658	0	1001671.87	0	0.00167187	1108726.246
0	252.842779	0	0	0	1151.565632	0	898.2211529	-1066.678513	0.5017	898.7228529	0	230.3131264	23.03135264	645.3783739	0	1000898.221	0	0.000898221	1109722.127
0	187.8397737	0	0	0	1987.81403	0	1550.494903	-817.19916	249.4793529	1799.974256	0	397.562806	39.7563206	1362.65513	0	1001550.495	0	0.001550495	1111442.746
0	275.7516416	0	0	0	1253.416371	0	977.6647294	-817.19916	0	977.6647294	0	250.6832742	25.06836742	701.9130878	0	1000977.665	0	0.000977665	1112529.364
0	156.5352843	0	0	0	1847.794078	0	1441.279341	-567.2197071	249.9794529	1691.258794	0	369.5588157	36.95592157	1284.744057	0	1001441.279	0	0.001441279	1114132.83
0	163.7733505	0	0	0	744.4343842	0	580.6587336	-567.2174071	0.0023	580.6610336	0	148.8868768	14.88877368	416.8853831	0	1000580.659	0	0.000580659	1114779.761
0	126.7596452	0	0	0	1712.450055	0	1335.710957	-317.2379542	249.9794529	1585.69041	0	342.490011	34.2490871	1208.951312	0	1001335.711	0	0.001335711	1116268.784
0	207.7678431	0	0	0	944.3988959	0	736.6310528	-317.2379542	0	736.6310528	0	188.8797792	18.88806392	528.8632097	0	1000736.631	0	0.000736631	1117091.063
0	0	146.7773193	0	0	471.3733981	0	367.6711645	-66.75840134	250.4795529	618.1507174	0	94.27467961	9.427553961	514.4484838	0	1000367.671	0	0.000367671	1117501.785
0	99.03135949	0	0	0	447.8689704	0	349.3377109	-67.25850134	-0.5001	348.8376109	0	89.57379408	8.957465408	250.3063514	0	1000349.338	0	0.000349338	1117892.17
0	131.5534331	0	0	0	903.7097657	0	704.8935312	0.0043	67.26280134	772.1563326	0	180.7419531	18.07428131	573.3400981	0	1000704.894	0	0.000704894	1118680.165
0	207.1005086	0	0	0	941.3655572	0	734.2650486	0.0043	0	734.2650486	0	188.2731114	18.82739714	527.1645401	0	1000734.265	0	0.000734265	1119501.573
0	55.97154183	0	0	0	254.4157083	0	198.4441665	0.0043	0	198.4441665	0	50.88314167	5.088400167	142.4726247	0	1000198.444	0	0.000198444	1119723.731
0	59.59501886	0	0	0	270.8860585	0	211.2910396	0.0043	0	211.2910396	0	54.17721169	5.417807169	151.6960207	0	1000211.291	0	0.000211291	1119960.319
0	155.7080004	0	0	0	707.7632474	0	552.055247	0.0043	0	552.055247	0	141.5526495	14.15535095	396.3472466	0	1000552.055	0	0.000552055	1120578.599
0	163.2568815	0	0	0	742.0763433	0	578.8194618	0.0043	0	578.8194618	0	148.4152687	14.84161287	415.5625803	0	1000578.819	0	0.000578819	1121227.212
0	32.17288641	0	0	0	146.2400019	0	114.0671155	0.0043	0	114.0671155	0	29.24800038	2.924886038	81.89422906	0	1000114.067	0	0.000114067	1121355.107
0	143.4896225	0	0	0	652.2251659	0	508.7355434	0.0043	0	508.7355434	0	130.4450332	13.04458932	365.2459209	0	1000508.736	0	0.000508736	1121925.58
0	118.3970662	0	0	0	538.1680916	0	419.7710255	0.0043	0	419.7710255	0	107.6336183	10.76344783	301.3739593	0	1000419.771	0	0.000419771	1122396.532
0	127.3926536	0	0	0	579.0571254	0	451.6644718	0.0043	0	451.6644718	0	115.8114251	11.58122851	324.2718182	0	1000451.664	0	0.000451664	1122903.479
0	17.56199438	0	0	0	79.82685627	0	62.26486189	0.0043	0	62.26486189	0	15.96537125	1.596623125	44.70286751	0	1000062.265	0	6.23E-05	1122973.396
0	112.4970749	0	0	0	511.3499497	0	398.8528748	0.0043	0	398.8528748	0	102.2699899	10.22708499	286.3557998	0	1000398.853	0	0.000398853	1123421.297
0	9.700153766	0	0	0	44.09121712	0	34.39106335	0.0043	0	34.39106335	0	8.818243424	0.881910342	24.69090959	0	1000034.391	0	3.44E-05	1123459.933
0	88.12699342	0	0	0	400.5768519	0	312.4498585	0.0043	0	312.4498585	0	80.11537038	8.011623038	224.3228651	0	1000312.45	0	0.00031245	1123810.958
0	6.417178174	0	0	0	29.16860079	0	22.75142262	0.0043	0	22.75142262	0	5.833720158	0.583458016	16.33424444	0	1000022.751	0	2.28E-05	1123836.526
0	69.41625658	0	0	0	315.5280481	0	246.1117915	0.0043	0	246.1117915	0	63.10560961	6.310646961	176.6955349	0	1000246.112	0	0.000246112	1124113.115
0	4.522562291	0	0	0	20.55671042	0	16.03414812	0.0043	0	16.03414812	0	4.111342083	0.411220208	11.51158583	0	1000016.034	0	1.60E-05	1124131.14
0	55.39636428	0	0	0	251.8012649	0	196.4049006	0.0043	0	196.4049006	0	50.36025298	5.036111298	141.0085363	0	1000196.405	0	0.000196405	1124351.925
0	3.643607428	0	0	0	16.56146104	0	12.91785361	0.0043	0	12.91785361	0	3.312292208	0.331315221	9.274246182	0	1000012.918	0	1.29E-05	1124366.449
0	45.16903829	0	0	0	205.3134195	0	160.1443812	0.0043	0	160.1443812	0	41.0626839	4.10635439	114.9753429	0	1000160.144	0	0.000160144	1124546.51
0	22078.08079	0	0	0	18093.4157	0	14112.86416	-18097.52495	-18097.52925	-3984.665091	0	3618.68314	361.8684	-7965.216631	0	1014112.864	0	0.014112864	1140417.082
0	4012.245873	0	0	0	18237.48085	0	14225.23498	-18097.52495	0	14225.23498	0	3647.49617	364.749703	10212.9891	0	1014225.235	0	0.014225235	1156639.783
0	0	2120.06873	0	0	13092.2291	0	10211.93308	-13097.1602	5000.36475	15212.29783	0	2618.44582	261.8502	12332.00181	0	1010211.933	0	0.010211933	1168451.311
0	2897.590156	0	0	0	13165.46141	0	10269.05985	-13098.3488	-1.1886	10267.87125	0	2633.092282	263.3092742	7371.469697	0	1010269.06	0	0.01026906	1180450.207
0	0	1810.917314	0	0	9948.34348	0	7759.703574	-9098.791582	3999.55722	11759.26079	0	1989.668696	198.9712096	9570.620888	0	1007759.704	0	0.007759704	1189610.151
0	2000.508262	0	0	0	9099.369817	0	7097.508455	-9097.438482	1.3531	7098.861555	0	1819.873963	181.9873983	5097.000194	0	1007097.508	0	0.007097508	1198053.419
0	800.0830554	0	0	0	8175.124706	0	6376.593621	-8098.990452	998.4480299	7375.041651	0	1635.024941	163.5061441	5576.510565	0	1006376.594	0	0.006376594	1205692.919
0	1780.466775	0	0	0	8099.342068	0	6317.486793	-8097.601952	1.3885	6318.875293	0	1619.868414	161.9868614	4537.020018	0	1006317.487	0	0.006317487	1213309.868
0	735.1164233	0	0	0	7886.925151	0	6151.798098	-7097.591322	1000.01063	7151.808728	0	1577.38503	157.742023	5416.681675	0	1006151.798	0	0.006151798	1220773.905
0	1561.531419	0	0	0	7100.435951	0	5538.340032	-7097.026822	0.5645	5538.904532	0	1420.08719	142.008729	3976.808612	0	1005538.34	0	0.00553834	1227534.966
0	340.4742023	0	0	0	6092.96551	0	4752.510178	-6097.045692	999.9811299	5752.491308	0	1218.593102	121.8622302	4412.035976	0	1004752.51	0	0.00475251	1233368.839
0	1342.606286	0	0	0	6102.094435	0	4759.633649	-6097.191192	-0.1455	4759.488149	0	1220.418887	122.0418987	3417.027364	0	1004759.634	0	0.004759634	1239239.223
0	119.2557372	0	0	0	5092.788942	0	3972.373074	-5096.031062	1001.16013	4973.533204	0	1018.557788	101.8580788	3853.117337	0	1003972.373	0	0.003972373	1244161.943
0	1124.780337	0	0	0	5112.117397	0	3987.451559	-5096.145562	-0.1145	3987.337059	0	1022.423479	102.2423579	2862.671222	0	1003987.452	0	0.003987452	1249122.979
0	0	98.839413	0	0	4095.793668	0	3194.717451	-4096.229932	999.9156299	4194.633081	0	819.1587336	81.91748336	3293.556864	0	1003194.717	0	0.003194717	1253113.574
0	907.4662929	0	0	0	4125.940322	0	3218.233429	-4095.989332	0.2406	3218.474029	0	825.1880644	82.51882844	2310.767136	0	1003218.233	0	0.003218233	1257146.386
0	0	299.0782875	0	0	3185.516238	0	2484.701496	-3096.096302	999.8930299	3484.594526	0	637.1032477	63.71149477	2783.779783	0	1002484.701	0	0.002484701	1260270.019
0	692.7867748	0	0	0	3148.771122	0	2456.041447	-3096.153402	-0.0571	2455.984347	0	629.7542243	62.97545043	1763.254672	0	1002456.041	0	0.002456041	1263365.294
0	0	503.9964715	0	0	2249.624766	0	1754.706507	-2097.238672	998.9147299	2753.621237	0	449.9249532	44.99330532	2258.702979	0	1001754.707	0	0.001754707	1265582.13
0	489.9078417	0	0	0	2226.685326	0	1736.814484	-2097.275672	-0.037	1736.777484	0	445.3370652	44.53377652	1246.906643	0	1001736.814	0	0.001736814	1267780.211
0	0	696.3284757	0	0	1379.72911	0	1076.187956	-1097.406042	999.8696299	2076.057586	0	275.9458221	27.59533221	1772.516432	0	1001076.188	0	0.001076188	1269144.581
0	311.5166504	0	0	0	1416.393184	0	1104.786533	-1097.316042	0.09	1104.876533	0	283.2786367	28.32801367	793.2698828	0	1001104.787	0	0.001104787	1270546.715
0	0	820.8307153	0	0	813.7159304	0	634.6980157	-97.46741221	999.8486299	1634.546646	0	162.7431861	16.27472861	1455.528731	0	1000634.698	0	0.000634698	1271353.128
0	172.7344989	0	0	0	785.1371313	0	612.4066324	-97.47141221	-0.004	612.4026324	0	157.0274263	15.70307263	439.6721335	0	1000612.407	0	0.000612407	1272131.713
0	0	6.448095057	0	0	413.7802143	0	322.7483972	0.0085	97.47991221	420.2283094	0	82.75604287	8.275774287	329.1964922	0	1000322.748	0	0.000322748	1272542.292
0	85.154336	0	0	0	387.1468	0	301.973964	0.027	0.0185	301.992464	0	77.42936	7.743476	216.819628	0	1000301.974	0	0.000301974	1272926.566
0	44.28985953	0	0	0	201.2126342	0	156.9457747	0.004	-0.023	156.9227747	0	40.24252685	4.024332685	112.6559152	0	1000156.946	0	0.000156946	1273126.347
0	27.04675432	0	0	0	123.1109287	0	96.0256744	0.0425	0.0385	96.0641744	0	24.62218574	2.463068574	68.97892008	0	1000096.026	0	9.60E-05	1273248.6
0	22.65453096	0	0	0	102.7904226	0	80.1764916	0.0019	-0.0406	80.1358916	0	20.55808451	2.055846451	57.52196064	0	1000080.176	0	8.02E-05	1273350.684
0	131.6220923	0	0	0	598.6923287	0	466.9781364	0.094	0.0921	467.0702364	0	119.7384657	11.97572657	335.3560441	0	1000466.978	0	0.000466978	1273945.311
0	96.25826329	0	0	0	437.3909241	0	341.1636608	0.063	-0.031	341.1326608	0	87.47818481	8.749078481	244.9053975	0	1000341.164	0	0.000341164	1274379.935
0	106.4719981	0	0	0	483.6777094	0	377.2686113	0.0001	-0.0629	377.2057113	0	96.73554188	9.673556188	270.7966133	0	1000377.269	0	0.000377269	1274860.719
0	6.424522188	0	0	0	29.20503722	0	22.77991503	0.0007	0.0006	22.78051503	0	5.841007443	0.584114744	16.35539284	0	1000022.78	0	2.28E-05	1274889.76
0	0.431960029	0	0	0	2.492591042	0	1.941831013	0.1195	0.1188	2.060631013	0	0.498518208	0.052241821	1.509870983	0	1000001.942	0	1.94E-06	1274892.235
0	77.72946234	0	0	0	353.0621016	0	275.3871392	0.065	-0.0545	275.3326392	0	70.61242031	7.062542031	197.6576769	0	1000275.387	0	0.000275387	1275243.324
0	88.09500759	0	0	0	401.0206254	0	312.7921178	0.1985	0.1335	312.9256178	0	80.20412508	8.024382508	224.6971102	0	1000312.792	0	0.000312792	1275642.21
0	3.836584498	0	0	0	16.53808408	0	12.89969958	0.0003	-0.1982	12.70149958	0	3.307616816	0.330767682	9.063115085	0	1000012.9	0	1.29E-05	1275658.666
0	89.17909652	0	0	0	406.1043023	0	316.7580058	0.1675	0.1672	316.9252058	0	81.22086047	8.125436047	227.5789093	0	1000316.758	0	0.000316758	1276062.741
0	160.2820761	0	0	0	728.2100276	0	568.0019515	0.0935	-0.074	567.9279515	0	145.6420055	14.56607055	407.7198755	0	1000568.002	0	0.000568002	1276787.547
0	95.42095225	0	0	0	433.7231012	0	338.3021489	0.0935	0	338.3021489	0	86.74462023	8.676332023	242.8811966	0	1000338.302	0	0.000338302	1277219.487
0	2.045952608	0	0	0	9.291284584	0	7.245331975	0.0935	0	7.245331975	0	1.858256917	0.187695692	5.199379367	0	1000007.245	0	7.25E-06	1277228.741
0	105.9745365	0	0	0	482.2284842	0	376.1339476	0.2135	0.12	376.2539476	0	96.44569683	9.648839683	270.1594111	0	1000376.134	0	0.000376134	1277709.15
0	0.213400478	0	0	0	-7.61E-05	0	-7.66E-05	0.0001	-0.2134	-0.213476597	0	0	4.78E-07	-0.213477075	0	999999.9999	0	-7.66E-11	1277709.15
0	142.7304009	0	0	0	649.8899588	0	506.9091579	0.2505	0.2504	507.1595579	0	129.9779918	13.00280918	364.178757	0	1000506.909	0	0.000506909	1278356.832
0	150.3701531	0	0	0	683.4779233	0	533.1077702	0.2505	0	533.1077702	0	136.6955847	13.67456847	382.737617	0	1000533.108	0	0.000533108	1279038.334
0	171.231822	0	0	0	778.3036909	0	607.0718689	0.2505	0	607.0718689	0	155.6607382	15.57108382	435.8400469	0	1000607.072	0	0.000607072	1279814.803
0	0.2504	0	0	0	-0.0001	0	-0.0001	0.0001	-0.2504	-0.2505	0	0	0	-0.2505	0	999999.9999	0	-1.00E-10	1279814.802
0	5.35E-11	0	0	0	-0.0001	0	-0.0001	0.0001	0	-0.0001	0	0	0	-0.0001	0	999999.9999	0	-1.00E-10	1279814.802
0	0	0.0009	0	0	-0.001	0	-0.001	0.001	0.0009	-0.0001	0	0	0	-0.0001	0	999999.999	0	-1.00E-09	1279814.801
0	0	4.75E-11	0	0	-0.001	0	-0.001	0.001	0	-0.001	0	0	0	-0.001	0	999999.999	0	-1.00E-09	1279814.8
0	0.0005	0	0	0	-0.0005	0	-0.0005	0.0005	-0.0005	-0.001	0	0	0	-0.001	0	999999.9995	0	-5.00E-10	1279814.799
0	3.45E-11	0	0	0	-0.0005	0	-0.0005	0.0005	0	-0.0005	0	0	0	-0.0005	0	999999.9995	0	-5.00E-10	1279814.798
0	3.45E-11	0	0	0	-0.0005	0	-0.0005	0.0005	0	-0.0005	0	0	0	-0.0005	0	999999.9995	0	-5.00E-10	1279814.798
0	3.45E-11	0	0	0	-0.0005	0	-0.0005	0.0005	0	-0.0005	0	0	0	-0.0005	0	999999.9995	0	-5.00E-10	1279814.797
0	22173.86682	0	0	0	18167.996	0	14171.0282	-18176.89852	-18176.89902	-4005.870824	0	3633.5992	363.3686	-8002.838624	0	1014171.028	0	0.014171028	1297951.089
0	4109.998707	0	0	0	18681.77285	0	14571.77414	-18176.89852	0	14571.77414	0	3736.35457	373.644137	10461.77544	0	1014571.774	0	0.014571774	1316864.539
0	0	2101.251695	0	0	13167.996	0	10271.0282	-13178.67903	4998.219495	15269.2477	0	2633.5992	263.3686	12372.2799	0	1010271.028	0	0.010271028	1330390.092
0	2965.106592	0	0	0	13477.71778	0	10512.61119	-13178.67903	0	10512.61119	0	2695.543556	269.5630356	7547.504598	0	1010512.611	0	0.010512611	1344375.965
0	0	1571.835869	0	0	11029.50876	0	8603.013032	-9180.347433	3998.331596	12601.34463	0	2205.901752	220.5939752	10174.8489	0	1008603.013	0	0.008603013	1355941.649
0	2020.206015	0	0	0	9181.892757	0	7161.876343	-9180.537033	-0.1896	7161.686743	0	1836.378551	183.6378631	5141.670328	0	1007161.876	0	0.007161876	1365652.736
0	1188.458871	0	0	0	9945.921647	0	7757.818877	-8180.893134	999.643899	8757.462776	0	1989.184329	198.9184409	6569.360005	0	1007757.819	0	0.007757819	1376247.222
0	1851.594867	0	0	0	8414.749361	0	6563.504494	-8181.243134	-0.35	6563.154494	0	1682.949872	168.2949952	4711.909626	0	1006563.504	0	0.006563504	1385280.227
0	957.3463755	0	0	0	8895.410302	0	6938.420028	-7181.599235	999.643899	7938.063927	0	1779.08206	177.908214	5981.073652	0	1006938.42	0	0.00693842	1394891.883
0	1584.295481	0	0	0	7200.345285	0	5616.269304	-7181.818735	-0.2195	5616.049804	0	1440.069057	144.0069237	4031.973824	0	1005616.269	0	0.005616269	1402725.972
0	379.3469827	0	0	0	6268.777735	0	4889.643754	-6182.031736	999.786999	5889.430753	0	1253.755547	125.3784347	4510.296771	0	1004889.644	0	0.004889644	1409584.802
0	1368.850583	0	0	0	6221.399794	0	4852.691811	-6182.174336	-0.1426	4852.549211	0	1244.279959	124.4280239	3483.841229	0	1004852.692	0	0.004852692	1416425.083
0	137.4177706	0	0	0	5175.763044	0	4037.092774	-5180.921837	1001.252499	5038.345273	0	1035.152609	103.5176609	3899.675004	0	1004037.093	0	0.004037093	1422143.322
0	1154.36112	0	0	0	5246.558119	0	4092.315299	-5181.040137	-0.1183	4092.196999	0	1049.311624	104.9311964	2937.954179	0	1004092.315	0	0.004092315	1427963.181
0	411.9285505	0	0	0	6416.667225	0	5004.998476	-4181.299938	999.740199	6004.738675	0	1283.333445	128.3353045	4593.069925	0	1005004.998	0	0.005004998	1435110.135
0	947.5044505	0	0	0	4306.408102	0	3358.998252	-4181.394538	-0.0946	3358.903652	0	861.2816205	86.12823005	2411.493801	0	1003358.998	0	0.003358998	1439930.667
0	0	252.2550113	0	0	3397.516353	0	2650.061366	-3181.684539	999.709999	3649.771365	0	679.5032707	67.95171707	2902.316377	0	1002650.061	0	0.002650061	1443746.572
0	750.7504052	0	0	0	3411.890024	0	2661.274118	-3181.819039	-0.1345	2661.139618	0	682.3780047	68.23790047	1910.523713	0	1002661.274	0	0.002661274	1447588.777
0	0	436.1305967	0	0	2561.633011	0	1998.072708	-2182.12814	999.690899	2997.763607	0	512.3266021	51.23370021	2434.203305	0	1001998.073	0	0.001998073	1450481.165
0	571.5746704	0	0	0	2597.874866	0	2026.342195	-2182.17014	-0.042	2026.300195	0	519.5749731	51.95769731	1454.767525	0	1002026.342	0	0.002026342	1453420.336
0	0	581.7703153	0	0	1899.567017	0	1481.661433	-1182.494241	999.675899	2481.337332	0	379.9134034	37.99218034	2063.431749	0	1001481.661	0	0.001481661	1455573.813
0	411.2596113	0	0	0	1869.240006	0	1458.006895	-1182.520741	-0.0265	1457.980395	0	373.8480012	37.38511012	1046.747283	0	1001458.007	0	0.001458007	1457696.049
0	0	719.291654	0	0	1274.400478	0	994.0317325	-182.8603415	999.660399	1993.692132	0	254.8800955	25.48864955	1713.323386	0	1000994.032	0	0.000994032	1459145.045
0	286.4281012	0	0	0	1301.918506	0	1015.495904	-182.8658415	-0.0055	1015.490404	0	260.3837011	26.03890011	729.0678031	0	1001015.496	0	0.001015496	1460626.801
0	4.885130429	0	0	0	853.498145	0	665.7281731	0.019	182.8848415	848.6130146	0	170.699629	17.0703429	660.8430427	0	1000665.728	0	0.000665728	1461599.182
0	184.998359	0	0	0	840.9956774	0	655.9758184	0.0405	0.0215	655.9973184	0	168.1991355	16.82072355	470.9774593	0	1000655.976	0	0.000655976	1462557.955
0	121.071607	0	0	0	550.1948499	0	429.1517429	0.012	-0.0285	429.1232429	0	110.03897	11.004137	308.0801359	0	1000429.152	0	0.000429152	1463185.615
0	444.7649952	0	0	0	2021.871796	0	1577.058801	0.06	0.048	1577.106801	0	404.3743593	40.43863593	1132.293806	0	1001577.059	0	0.001577059	1465493.144
0	77.97728798	0	0	0	354.2073544	0	276.2815665	0.0085	-0.0515	276.2300665	0	70.84147089	7.084317089	198.3042785	0	1000276.282	0	0.000276282	1465898.033
0	370.153701	0	0	0	1682.93255	0	1312.685349	0.102	0.0935	1312.778849	0	336.58651	33.660691	942.531648	0	1001312.685	0	0.001312685	1467822.296
0	226.2337292	0	0	0	1028.32586	0	802.092131	0.102	0	802.092131	0	205.665172	20.5685572	575.8584017	0	1000802.092	0	0.000802092	1468999.625
0	246.0213126	0	0	0	1118.269421	0	872.2481084	0.102	0	872.2481084	0	223.6538842	22.36742842	626.2267958	0	1000872.248	0	0.000872248	1470280.957
0	38.9987992	0	0	0	176.8201145	0	137.9196153	0.0037	-0.0983	137.8213153	0	35.36402291	3.536476291	98.92081615	0	1000137.92	0	0.00013792	1470483.737
0	371.2588676	0	0	0	1688.254034	0	1316.834867	0.164	0.1603	1316.995167	0	337.6508069	33.76836069	945.5759993	0	1001316.835	0	0.001316835	1472420.122
0	20.10370561	0	0	0	90.64438004	0	70.70257443	0.0021	-0.1619	70.54067443	0	18.12887601	1.812929601	50.59886882	0	1000070.703	0	7.07E-05	1472524.226
0	231.219387	0	0	0	1051.731577	0	820.3472902	0.167	0.1649	820.5121902	0	210.3463154	21.03797154	589.1279032	0	1000820.347	0	0.000820347	1473732.207
0	353.707536	0	0	0	1607.746345	0	1254.038809	0.167	0	1254.038809	0	321.5492691	32.15826691	900.3312734	0	1001254.039	0	0.001254039	1475580.324
0	391.5822615	0	0	0	1779.904189	0	1388.321927	0.167	0	1388.321927	0	355.9808377	35.60142377	996.7396656	0	1001388.322	0	0.001388322	1477628.905
0	726.0944598	0	0	0	3300.414181	0	2574.319721	0.167	0	2574.319721	0	660.0828362	66.01162362	1848.225261	0	1002574.32	0	0.00257432	1481432.794
0	0	1.58E-11	0	0	-0.167	0	-0.167	0.167	0	-0.167	0	0	0	-0.167	0	999999.833	0	-1.67E-07	1481432.547
0	455.8808391	0	0	0	2072.727269	0	1616.72143	0.292	0.125	1616.84643	0	414.5454538	41.46038538	1160.840591	0	1001616.721	0	0.001616721	1483827.61
0	0	1.58E-11	0	0	-0.292	0	-0.292	0.292	0	-0.292	0	0	0	-0.292	0	999999.708	0	-2.92E-07	1483827.177
0	26127.86294	0	0	0	22292.588	0	17388.20905	-21223.19199	-21223.48399	-3835.274943	0	4458.5176	445.86135	-8739.653893	0	1017388.209	0	0.017388209	1509628.274
0	4668.156908	0	0	0	21220.56467	0	16552.03826	-21222.82249	0.3695	16552.40776	0	4244.112934	424.4134734	11883.88136	0	1016552.038	0	0.016552038	1534615.699
0	2559.939378	0	0	0	20723.42385	0	16164.26206	-19223.60008	1999.22241	18163.48447	0	4144.68477	414.477017	13604.32269	0	1016164.262	0	0.016164262	1559421.63
0	4229.574364	0	0	0	19223.39978	0	14994.25182	-19224.02648	-0.4264	14993.82542	0	3844.679956	384.4680076	10764.67745	0	1014994.252	0	0.014994252	1582803.99
0	2056.389094	0	0	0	18434.83561	0	14379.16421	-17224.74417	1999.28231	16378.44651	0	3686.967122	368.7042822	12322.77511	0	1014379.164	0	0.014379164	1605563.389
0	3789.698892	0	0	0	17223.55124	0	13434.36995	-17225.26177	-0.5176	13433.85235	0	3444.710249	344.4710429	9644.671061	0	1013434.37	0	0.01343437	1627133.121
0	1346.7434	0	0	0	15210.94614	0	11864.53123	-15225.59026	1999.67151	13864.20274	0	3042.189227	304.2256827	10517.78783	0	1011864.531	0	0.011864531	1646438.293
0	3348.613057	0	0	0	15220.20614	0	11871.76078	-15225.75796	-0.1677	11871.59308	0	3044.041228	304.4041288	8523.147726	0	1011871.761	0	0.011871761	1665984.414
0	2566.066834	0	0	0	16207.49149	0	12641.83726	-14226.17056	999.5874049	13641.42466	0	3241.498299	324.1559399	10075.77042	0	1012641.837	0	0.012641837	1687045.518
0	3129.319277	0	0	0	14223.56574	0	11094.38126	-14226.30536	-0.1348	11094.24646	0	2844.713148	284.4713288	7965.061986	0	1011094.381	0	0.011094381	1705762.244
0	1906.907227	0	0	0	13211.31187	0	10304.81714	-13226.71785	999.5875049	11304.40464	0	2642.262374	264.2323574	8397.909913	0	1010304.817	0	0.010304817	1723339.812
0	2909.90731	0	0	0	13225.46406	0	10315.86195	-13227.02305	-0.3052	10315.55675	0	2645.092813	264.5092973	7405.954643	0	1010315.862	0	0.010315862	1741117.548
0	2356.367597	0	0	0	15254.87646	0	11898.79846	-12227.31265	999.7104049	12898.50887	0	3050.975292	305.1027092	9542.430864	0	1011898.798	0	0.011898798	1761834.755
0	2691.512136	0	0	0	12232.97147	0	9541.717737	-12227.57105	-0.2584	9541.459337	0	2446.594295	244.6594415	6850.205601	0	1009541.718	0	0.009541718	1778645.685
0	1466.620291	0	0	0	11211.34639	0	8744.844994	-11227.68994	999.8811049	9744.726099	0	2242.269278	224.2321178	7278.224703	0	1008744.845	0	0.008744845	1794199.666
0	2472.903814	0	0	0	11239.29679	0	8766.651476	-11227.94844	-0.2585	8766.392976	0	2247.859358	224.7859558	6293.747662	0	1008766.651	0	0.008766651	1809928.789
0	1247.001953	0	0	0	10212.13294	0	7965.459287	-10228.27674	999.6717049	8965.130992	0	2042.426589	204.2470689	6718.457334	0	1007965.459	0	0.007965459	1824345.703
0	2255.082982	0	0	0	10253.87982	0	7998.026234	-10227.50614	0.7706	7998.796834	0	2050.775963	205.0776183	5742.943253	0	1007998.026	0	0.007998026	1838936.868
0	1026.905253	0	0	0	9211.661765	0	7185.091907	-9227.841534	999.6646049	8184.756511	0	1842.332353	184.2375053	6158.186653	0	1007185.092	0	0.007185092	1852149.798
0	2038.579598	0	0	0	9265.306238	0	7226.938839	-9228.053734	-0.2122	7226.726639	0	1853.061248	185.3061508	5188.359241	0	1007226.939	0	0.007226939	1865535.171
0	817.549586	0	0	0	8260.125777	0	6442.894286	-8228.371829	999.6819049	7442.576191	0	1652.025155	165.2063355	5625.3447	0	1006442.894	0	0.006442894	1877554.617
0	1822.461169	0	0	0	8283.053793	0	6460.781925	-8228.561129	-0.1893	6460.592625	0	1656.610759	165.6611099	4638.320756	0	1006460.782	0	0.006460782	1889685.088
0	1224.95948	0	0	0	10111.61152	0	7887.054037	-7228.963124	999.5980049	8886.652042	0	2022.322304	202.2351804	6662.094557	0	1007887.054	0	0.007887054	1904589.137
0	1607.783612	0	0	0	7307.310309	0	5699.701997	-7229.138424	-0.1753	5699.526697	0	1461.462062	146.1462502	4091.918385	0	1005699.702	0	0.005699702	1915444.727
0	401.2060834	0	0	0	6367.260038	0	4966.459949	-6229.544419	999.5940049	5966.053954	0	1273.452008	127.3480808	4565.253866	0	1004966.46	0	0.00496646	1924957.707
0	1397.444431	0	0	0	6351.379849	0	4954.076218	-6229.685219	-0.1408	4953.935418	0	1270.27597	127.027661	3556.631787	0	1004954.076	0	0.004954076	1934494.094
0	180.7408711	0	0	0	5365.192618	0	4184.847742	-5230.081214	999.6040049	5184.451747	0	1073.038524	107.3063524	4004.106871	0	1004184.848	0	0.004184848	1942589.657
0	1192.391647	0	0	0	5419.413896	0	4227.142749	-5230.201714	-0.1205	4227.022249	0	1083.882779	108.3883679	3034.751102	0	1004227.143	0	0.004227143	1950801.261
0	0	16.68262096	0	0	4467.590654	0	3484.71857	-4230.647009	999.5547049	4484.273275	0	893.5181308	89.35395308	3501.401191	0	1003484.719	0	0.003484719	1957599.254
0	996.3506686	0	0	0	4528.229675	0	3532.019007	-4230.787009	-0.14	3531.879007	0	905.6459351	90.56473351	2535.668338	0	1003532.019	0	0.003532019	1964513.532
0	0	196.1422345	0	0	3651.773593	0	2848.381622	-3231.252804	999.5342049	3847.915827	0	730.3547185	73.03725185	3044.523857	0	1002848.382	0	0.002848382	1970109.216
0	807.5334465	0	0	0	3670.253257	0	2862.79731	-3231.330304	-0.0775	2862.71981	0	734.0506514	73.40529514	2055.263864	0	1002862.797	0	0.002862797	1975749.24
0	0	369.4623781	0	0	2864.84744	0	2234.579613	-2231.6001	999.7302049	3234.309818	0	572.969488	57.2983388	2604.041991	0	1002234.58	0	0.00223458	1980164.209
0	635.5210084	0	0	0	2887.484993	0	2252.237984	-2231.8741	-0.274	2251.963984	0	577.4969986	57.75000986	1616.716976	0	1002252.238	0	0.002252238	1984624.01
0	0	505.5254963	0	0	2245.293721	0	1751.328012	-1232.382895	999.4912049	2750.819217	0	449.0587442	44.90696442	2256.853509	0	1001751.328	0	0.001751328	1988099.737
0	486.7995528	0	0	0	2212.575513	0	1725.80846	-1232.415395	-0.0325	1725.77596	0	442.5151026	44.25195026	1239.008907	0	1001725.808	0	0.001725808	1991530.817
0	0	633.6556373	0	0	1662.785398	0	1296.971831	-232.9461898	999.4692049	2296.441035	0	332.5570796	33.25648796	1930.627468	0	1001296.972	0	0.001296972	1994113.776
0	357.16361	0	0	0	1623.440682	0	1266.283072	-232.9521898	-0.006	1266.277072	0	324.6881364	32.46947364	909.1194619	0	1001266.283	0	0.001266283	1996638.888
0	30.60369692	0	0	0	1198.099349	0	934.5169619	0.0265	232.9786898	1167.495652	0	239.6198697	23.96251697	903.913265	0	1000934.517	0	0.000934517	1998504.781
0	255.9343732	0	0	0	1163.420287	0	907.4669139	0.0455	0.019	907.4859139	0	232.6840574	23.26931574	651.5325407	0	1000907.467	0	0.000907467	2000318.358
0	185.0240859	0	0	0	840.8986175	0	655.9005317	0.0195	-0.026	655.8745317	0	168.1797235	16.81836235	470.8764458	0	1000655.901	0	0.000655901	2001630.368
0	180.5272712	0	0	0	820.7615964	0	640.1928252	0.061	0.0415	640.2343252	0	164.1523193	16.41645193	459.665554	0	1000640.193	0	0.000640193	2002911.798
0	134.9762116	0	0	0	613.3133253	0	478.3841137	0.014	-0.047	478.3371137	0	122.6626651	12.26654651	343.4079022	0	1000478.384	0	0.000478384	2003869.959
0	131.5773437	0	0	0	598.3916078	0	466.7437641	0.0845	0.0705	466.8142641	0	119.6783216	11.96952216	335.1664204	0	1000466.744	0	0.000466744	2004805.253
0	96.73132303	0	0	0	439.343832	0	342.6880089	0.009	-0.0755	342.6125089	0	87.86876639	8.787056639	245.9566859	0	1000342.688	0	0.000342688	2005492.275
0	88.81026978	0	0	0	404.0942717	0	315.1915019	0.1015	0.0925	315.2840019	0	80.81885434	8.083915434	226.3812322	0	1000315.192	0	0.000315192	2006124.389
0	72.74445487	0	0	0	330.2242039	0	257.5747491	0.0065	-0.095	257.4797491	0	66.04484079	6.604614079	184.8302942	0	1000257.575	0	0.000257575	2006641.116
0	50.21025668	0	0	0	228.7312122	0	178.4079555	0.1195	0.113	178.5209555	0	45.74624244	4.577014244	128.1976988	0	1000178.408	0	0.000178408	2006999.117
0	56.02324886	0	0	0	254.1324494	0	198.2232005	0.0055	-0.114	198.1092005	0	50.82648987	5.082758987	142.1999516	0	1000198.223	0	0.000198223	2007396.951
0	2.820398905	0	0	0	13.42085866	0	10.46545975	0.1405	0.135	10.60045975	0	2.684171732	0.271227173	7.645060849	0	1000010.465	0	1.05E-05	2007417.959
0	43.98151481	0	0	0	199.2978309	0	155.4522161	0.0046	-0.1359	155.3163161	0	39.85956619	3.986048619	111.4707013	0	1000155.452	0	0.000155452	2007730.017
0	23.07434351	0	0	0	105.5841069	0	82.35236335	0.162	0.1574	82.50976335	0	21.11682137	2.114922137	59.27801984	0	1000082.352	0	8.24E-05	2007895.358
0	35.31949958	0	0	0	159.8197345	0	124.6593349	0.0029	-0.1591	124.5002349	0	31.96394689	3.196452689	89.33983529	0	1000124.659	0	0.000124659	2008145.661
0	360.9694139	0	0	0	1641.854927	0	1280.641913	0.2465	0.2436	1280.885513	0	328.3709854	32.84202854	919.6724991	0	1001280.642	0	0.001280642	2010717.377
0	29.14464911	0	0	0	131.3708141	0	102.469165	0.0035	-0.243	102.226165	0	26.27416283	2.627486283	73.32451592	0	1000102.469	0	0.000102469	2010923.413
0	0.349539705	0	0	0	2.492771386	0	1.940231681	0.2065	0.203	2.143231681	0	0.498554277	0.053985428	1.590691976	0	1000001.94	0	1.94E-06	2010927.315
0	23.74762074	0	0	0	107.0148943	0	83.47157354	0.0022	-0.2043	83.26727354	0	21.40297886	2.140341886	59.7239528	0	1000083.472	0	8.35E-05	2011095.17
0	427.7879568	0	0	0	1945.797031	0	1517.715774	0.2955	0.2933	1518.009074	0	389.1594062	38.92185062	1089.927817	0	1001517.716	0	0.001517716	2014147.441
0	19.93175103	0	0	0	89.26459557	0	69.62634455	0.002	-0.2935	69.33284455	0	17.85291911	1.785331911	49.69459352	0	1000069.626	0	6.96E-05	2014287.679
0	476.3095096	0	0	0	2166.147771	0	1689.590261	0.25	0.248	1689.838261	0	433.2295542	43.32795542	1213.280752	0	1001689.59	0	0.00168959	2017690.999
0	17.94393685	0	0	0	80.43411296	0	62.73857611	0.0016	-0.2484	62.49017611	0	16.08682259	1.608714259	44.79463926	0	1000062.739	0	6.27E-05	2017817.587
0	535.8231706	0	0	0	2436.793185	0	1900.693114	0.2785	0.2769	1900.970014	0	487.3586369	48.74143369	1364.869943	0	1001900.693	0	0.001900693	2021652.839
0	14.48954107	0	0	0	64.60143215	0	50.38909108	0.0013	-0.2772	50.11189108	0	12.92028643	1.292054643	35.89955001	0	1000050.389	0	5.04E-05	2021754.708
0	1334.17259	0	0	0	6067.965229	0	4732.996939	0.797	0.7957	4733.792639	0	1213.593046	121.3752446	3398.824349	0	1004732.997	0	0.004732997	2031323.667
0	11.59926478	0	0	0	49.10565809	0	38.30239331	0.001	-0.796	37.50639331	0	9.821131618	0.982133162	26.70312853	0	1000038.302	0	3.83E-05	2031401.471
0	1238.401091	0	0	0	5630.746186	0	4391.974595	0.3715	0.3705	4392.345095	0	1126.149237	112.6223537	3153.573504	0	1004391.975	0	0.004391975	2040323.335
0	8.17776756	0	0	0	35.48882527	0	27.68125771	0.0013	-0.3702	27.31105771	0	7.097765054	0.709802505	19.50349015	0	1000027.681	0	2.77E-05	2040379.814
0	1147.655596	0	0	0	5218.456843	0	4070.388048	0.4145	0.4132	4070.801248	0	1043.691369	104.3774269	2922.732452	0	1004070.388	0	0.004070388	2048684.951
0	3.913256244	0	0	0	15.90432838	0	12.40537214	0.0002	-0.4143	11.99107214	0	3.180865676	0.318090568	8.492115893	0	1000012.405	0	1.24E-05	2048710.366
0	952.1443369	0	0	0	4330.244259	0	3377.580122	0.52	0.5198	3378.099922	0	866.0488517	86.61528517	2425.435785	0	1003377.58	0	0.00337758	2055630.049
0	2.346236197	0	0	0	8.301519077	0	6.47518288	0.0001	-0.5199	5.95528288	0	1.660303815	0.166032382	4.128946683	0	1000006.475	0	6.48E-06	2055643.36
0	789.9588525	0	0	0	3593.601466	0	2802.996213	0.6465	0.6464	2803.642613	0	718.7202932	71.88495932	2013.037361	0	1002802.996	0	0.002802996	2061405.32
0	0.646400988	0	0	0	-5.06E-05	0	-5.16E-05	0.0001	-0.6464	-0.646451566	0	0	9.88E-07	-0.646452555	0	999999.9999	0	-5.16E-11	2061405.32
0	659.9514065	0	0	0	3003.106212	0	2342.407905	0.747	0.7469	2343.154805	0	600.6212423	60.07706423	1682.456498	0	1002342.408	0	0.002342408	2066233.972
0	0.74690002	0	0	0	-9.90E-05	0	-9.90E-05	0.0001	-0.7469	-0.746999031	0	0	1.98E-08	-0.746999051	0	999999.9999	0	-9.90E-11	2066233.972
0	551.6047149	0	0	0	2507.29415	0	1955.689435	0.0001	0	1955.689435	0	501.4588299	50.14588499	1404.08472	0	1001955.689	0	0.001955689	2070274.884
0	0	0.003499985	0	0	-0.003599257	0	-0.003599272	0.0036	0.0035	-9.93E-05	0	0	1.49E-08	-9.93E-05	0	999999.9964	0	-3.60E-09	2070274.877
0	462.6298311	0	0	0	2102.862541	0	1640.23271	0.0036	0	1640.23271	0	420.5725083	42.05732283	1177.602879	0	1001640.233	0	0.001640233	2073670.609
0	22327.78379	0	0	0	18286.3064	0	14263.31892	-18304.79271	-18304.79631	-4041.477392	0	3657.26128	365.7262	-8064.464872	0	1014263.319	0	0.014263319	2103248.035
0	4022.98748	0	0	0	18286.3064	0	14263.31892	-18304.79271	0	14263.31892	0	3657.26128	365.7262	10240.33144	0	1014263.319	0	0.014263319	2133247.332
0	0	2074.047258	0	0	13285.7064	0	10362.85092	-13307.88997	4996.902738	15359.75366	0	2657.14128	265.7142	12436.89818	0	1010362.851	0	0.010362851	2155353.856
0	2922.85548	0	0	0	13285.7064	0	10362.85092	-13307.88997	0	10362.85092	0	2657.14128	265.7142	7439.99544	0	1010362.851	0	0.010362851	2177689.467
0	0	3173.447258	0	0	8285.7064	0	6462.85092	-8311.587237	4996.302738	11459.15366	0	1657.14128	165.7142	9636.298178	0	1006462.851	0	0.006462851	2191763.549
0	1822.85548	0	0	0	8285.7064	0	6462.85092	-8311.587237	0	6462.85092	0	1657.14128	165.7142	4639.99544	0	1006462.851	0	0.006462851	2205928.59
0	603.5949325	0	0	0	7285.7064	0	5682.85092	-7312.32669	999.2605475	6682.111468	0	1457.14128	145.7142	5079.255988	0	1005682.851	0	0.005682851	2218464.554
0	1602.3016	0	0	0	7285.2524	0	5682.4968	-7311.87269	0.454	5682.9508	0	1457.05048	145.70512	4080.1952	0	1005682.497	0	0.005682497	2231070.971
0	0	835.765495	0	0	5285.2524	0	4122.4968	-5313.351595	1998.521095	6121.017895	0	1057.05048	105.70512	4958.262295	0	1004122.497	0	0.004122497	2240268.554
0	1162.7556	0	0	0	5285.2524	0	4122.4968	-5313.351595	0	4122.4968	0	1057.05048	105.70512	2959.7412	0	1004122.497	0	0.004122497	2249504.054
0	0	57.3857875	0	0	4284.5304	0	3341.93364	-4313.369047	999.9825475	4341.916188	0	856.90608	85.69068	3399.319428	0	1003341.934	0	0.003341934	2257021.747
0	942.59676	0	0	0	4284.5304	0	3341.93364	-4313.369047	0	3341.93364	0	856.90608	85.69068	2399.33688	0	1003341.934	0	0.003341934	2264564.564
0	0	276.6637875	0	0	3284.5304	0	2561.93364	-3314.1085	999.2605475	3561.194188	0	656.90608	65.69068	2838.597428	0	1002561.934	0	0.002561934	2270366.228
0	722.59676	0	0	0	3284.5304	0	2561.93364	-3314.1085	0	2561.93364	0	656.90608	65.69068	1839.33688	0	1002561.934	0	0.002561934	2276182.756
0	0	496.6637875	0	0	2284.5304	0	1781.93364	-2314.847952	999.2605475	2781.194188	0	456.90608	45.69068	2278.597428	0	1001781.934	0	0.001781934	2280238.763
0	502.59676	0	0	0	2284.5304	0	1781.93364	-2314.847952	0	1781.93364	0	456.90608	45.69068	1279.33688	0	1001781.934	0	0.001781934	2284301.997
0	0	717.9740675	0	0	1283.4564	0	1001.09592	-1314.513405	1000.334548	2001.430468	0	256.69128	25.6692	1719.069988	0	1001001.096	0	0.001001096	2286588.802
0	282.36048	0	0	0	1283.4564	0	1001.09592	-1314.513405	0	1001.09592	0	256.69128	25.6692	718.73544	0	1001001.096	0	0.001001096	2288877.897
0	0	936.9000675	0	0	283.4564	0	221.09592	-315.2528574	999.2605475	1220.356468	0	56.69128	5.6692	1157.995988	0	1000221.096	0	0.000221096	2289383.959
0	61.38204	0	0	0	282.6544	0	220.47036	-314.4508574	0.802	221.27236	0	56.53088	5.65316	159.08832	0	1000220.47	0	0.00022047	2289888.7
0	0	314.4544574	0	0	-0.0036	0	-0.0036	0.0036	314.4544574	314.4508574	0	0	0	314.4508574	0	999999.9964	0	-3.60E-09	2289888.692
0	0	5.46E-11	0	0	-0.0036	0	-0.0036	0.0036	0	-0.0036	0	0	0	-0.0036	0	999999.9964	0	-3.60E-09	2289888.683
0	0	5.46E-11	0	0	-0.0036	0	-0.0036	0.0036	0	-0.0036	0	0	0	-0.0036	0	999999.9964	0	-3.60E-09	2289888.675
0	0	5.46E-11	0	0	-0.0036	0	-0.0036	0.0036	0	-0.0036	0	0	0	-0.0036	0	999999.9964	0	-3.60E-09	2289888.667
0	0	5.46E-11	0	0	-0.0036	0	-0.0036	0.0036	0	-0.0036	0	0	0	-0.0036	0	999999.9964	0	-3.60E-09	2289888.659
0	0	5.46E-11	0	0	-0.0036	0	-0.0036	0.0036	0	-0.0036	0	0	0	-0.0036	0	999999.9964	0	-3.60E-09	2289888.65
0	0	5.46E-11	0	0	-0.0036	0	-0.0036	0.0036	0	-0.0036	0	0	0	-0.0036	0	999999.9964	0	-3.60E-09	2289888.642
0	0	5.46E-11	0	0	-0.0036	0	-0.0036	0.0036	0	-0.0036	0	0	0	-0.0036	0	999999.9964	0	-3.60E-09	2289888.634
0	0	5.46E-11	0	0	-0.0036	0	-0.0036	0.0036	0	-0.0036	0	0	0	-0.0036	0	999999.9964	0	-3.60E-09	2289888.626
0	0	5.46E-11	0	0	-0.0036	0	-0.0036	0.0036	0	-0.0036	0	0	0	-0.0036	0	999999.9964	0	-3.60E-09	2289888.617
0	0	5.46E-11	0	0	-0.0036	0	-0.0036	0.0036	0	-0.0036	0	0	0	-0.0036	0	999999.9964	0	-3.60E-09	2289888.609
0	0	5.46E-11	0	0	-0.0036	0	-0.0036	0.0036	0	-0.0036	0	0	0	-0.0036	0	999999.9964	0	-3.60E-09	2289888.601
0	0	5.46E-11	0	0	-0.0036	0	-0.0036	0.0036	0	-0.0036	0	0	0	-0.0036	0	999999.9964	0	-3.60E-09	2289888.593
0	0	5.46E-11	0	0	-0.0036	0	-0.0036	0.0036	0	-0.0036	0	0	0	-0.0036	0	999999.9964	0	-3.60E-09	2289888.584
0	0	5.46E-11	0	0	-0.0036	0	-0.0036	0.0036	0	-0.0036	0	0	0	-0.0036	0	999999.9964	0	-3.60E-09	2289888.576
0	0	5.46E-11	0	0	-0.0036	0	-0.0036	0.0036	0	-0.0036	0	0	0	-0.0036	0	999999.9964	0	-3.60E-09	2289888.568
0	0	5.46E-11	0	0	-0.0036	0	-0.0036	0.0036	0	-0.0036	0	0	0	-0.0036	0	999999.9964	0	-3.60E-09	2289888.56
0	0	5.46E-11	0	0	-0.0036	0	-0.0036	0.0036	0	-0.0036	0	0	0	-0.0036	0	999999.9964	0	-3.60E-09	2289888.551
0	41159.1821	0	0	0	34150.31854	0	26637.23318	-33646.09315	-33646.09675	-7008.863564	0	6830.063708	683.0216508	-14521.94892	0	1026637.233	0	0.026637233	2350884.847
0	7401.528125	0	0	0	33639.83738	0	26239.07315	-33646.85705	-0.7639	26238.30925	0	6727.967476	672.7967496	18837.54503	0	1026239.073	0	0.026239073	2412569.886
0	1429.394212	0	0	0	29193.17999	0	22770.66746	-28653.73872	4993.118327	27763.78578	0	5838.635999	583.8765399	21341.27324	0	1022770.667	0	0.022770667	2467505.713
0	6301.731648	0	0	0	28641.29475	0	22340.2099	-28654.38552	-0.6468	22339.5631	0	5728.258949	572.8258989	16038.47825	0	1022340.21	0	0.02234021	2522630.308
0	538.7530449	0	0	0	25144.31837	0	19612.5576	-23661.37779	4993.007727	24605.56533	0	5028.863674	502.8970974	19073.80456	0	1019612.558	0	0.019612558	2572105.541
0	5206.688346	0	0	0	23657.19199	0	18452.60974	-23663.48389	-2.1061	18450.50364	0	4731.438398	473.1438478	13245.9214	0	1018452.61	0	0.01845261	2619567.6
0	3634.85299	0	0	0	25601.44514	0	19969.11748	-21666.00922	1997.474671	21966.59215	0	5120.289028	512.0386328	16334.26449	0	1019969.117	0	0.019969117	2671878.054
0	4766.475739	0	0	0	21663.59101	0	16897.60097	-21666.49492	-0.4857	16897.11527	0	4332.718203	433.2718363	12131.12524	0	1016897.601	0	0.016897601	2717026.383
0	3384.011098	0	0	0	24462.09122	0	19080.42235	-19668.83715	1997.657771	21078.08012	0	4892.418244	489.2506244	15696.41125	0	1019080.422	0	0.019080422	2768868.394
0	4329.910545	0	0	0	19679.41692	0	15349.94517	-19669.27595	-0.4388	15349.50637	0	3935.883383	393.5883623	11020.03462	0	1015349.945	0	0.015349945	2811370.372
0	3100.469497	0	0	0	18633.54128	0	14534.1537	-18670.35786	998.9180854	15533.07179	0	3726.708257	372.6793257	11433.6842	0	1014534.154	0	0.014534154	2852231.261
0	4111.794348	0	0	0	18686.276	0	14575.29525	-18671.17146	-0.8136	14574.48165	0	3737.2552	373.725548	10463.5009	0	1014575.295	0	0.014575295	2893803.374
0	2880.586488	0	0	0	17633.98751	0	13754.50214	-17672.27258	998.8988854	14753.40103	0	3526.797503	352.6878703	10873.91565	0	1013754.502	0	0.013754502	2933606.198
0	3893.341439	0	0	0	17695.16643	0	13802.22979	-17672.67738	-0.4048	13801.82499	0	3539.033286	353.9033526	9908.888353	0	1013802.23	0	0.01380223	2974096.505
0	1442.735553	0	0	0	15635.06793	0	12195.346	-15675.69101	1996.986371	14192.33237	0	3127.013585	312.7083385	10752.61045	0	1012195.346	0	0.012195346	3010366.641
0	3460.181965	0	0	0	15726.52595	0	12266.69018	-15676.03721	-0.3462	12266.34398	0	3145.30519	314.530575	8806.508219	0	1012266.69	0	0.01226669	3047293.876
0	1002.556892	0	0	0	13636.53474	0	10636.49108	-13678.55044	1997.486771	12633.97785	0	2727.306948	272.7367148	9633.934185	0	1010636.491	0	0.010636491	3079706.39
0	3030.19873	0	0	0	13772.27577	0	10742.37504	-13678.84844	-0.298	10742.07704	0	2754.455155	275.4455755	7712.176314	0	1010742.375	0	0.010742375	3112789.751
0	599.9144583	0	0	0	11805.23363	0	9208.077103	-11681.60637	1997.242071	11205.31917	0	2361.046727	236.1098027	8608.162645	0	1009208.077	0	0.009208077	3141452.559
0	2605.167083	0	0	0	11838.97858	0	9234.403195	-11682.19807	-0.5917	9233.811495	0	2367.795716	236.7796676	6629.236112	0	1009234.403	0	0.009234403	3170461.999
0	167.1787289	0	0	0	9838.04218	0	7673.668681	-9685.003296	1997.194771	9670.863452	0	1967.608436	196.7650636	7506.489952	0	1007673.669	0	0.007673669	3194791.074
0	2192.246005	0	0	0	9963.828885	0	7771.78638	-9685.206796	-0.2035	7771.58288	0	1992.765777	199.2767277	5579.540375	0	1007771.786	0	0.007771786	3219620.307
0	969.5845665	0	0	0	8946.656418	0	6978.388066	-8686.523011	998.6837854	7977.071851	0	1789.331284	178.9370684	6008.803499	0	1006978.388	0	0.006978388	3242088.067
0	1991.56429	0	0	0	9051.714045	0	7060.336755	-8686.710011	-0.187	7060.149755	0	1810.342809	181.0344809	5068.772465	0	1007060.337	0	0.007060337	3264978.301
0	782.9824535	0	0	0	8098.353404	0	6316.712165	-7688.051225	998.6587854	7315.370951	0	1619.670681	161.9705581	5533.729712	0	1006316.712	0	0.006316712	3285602.229
0	1795.804949	0	0	0	8161.416904	0	6365.904955	-7688.344225	-0.293	6365.611955	0	1632.283381	163.2285681	4570.100007	0	1006365.905	0	0.006365905	3306518.061
0	0	581.6525564	0	0	6433.905748	0	5018.443733	-5691.229654	1997.114571	7015.558304	0	1286.78115	128.680865	5600.096289	0	1005018.444	0	0.005018444	3323111.635
0	1428.295897	0	0	0	6490.12726	0	5062.298863	-5691.697154	-0.4675	5061.831363	0	1298.025452	129.8029452	3634.002966	0	1005062.299	0	0.005062299	3339934.22
0	0	892.1433299	0	0	5021.278959	0	3916.595218	-3694.870084	1996.827071	5913.422289	0	1004.255792	100.4279492	4808.738548	0	1003916.595	0	0.003916595	3353015.39
0	1100.991583	0	0	0	5004.113333	0	3903.20775	-3694.956084	-0.086	3903.12175	0	1000.822667	100.0829167	2802.216166	0	1003903.208	0	0.003903208	3366102.906
0	0	1179.652259	0	0	3715.424473	0	2898.029261	-1697.908613	1997.047471	4895.076732	0	743.0848946	74.31031746	4077.68152	0	1002898.029	0	0.002898029	3375857.97
0	817.0238976	0	0	0	3713.538898	0	2896.559401	-1697.953013	-0.0444	2896.515001	0	742.7077797	74.27171797	2079.535503	0	1002896.559	0	0.002896559	3385636.344
0	0	1101.354451	0	0	2712.087824	0	2115.427263	0.062	1698.015013	3813.442275	0	542.4175648	54.24299648	3216.781714	0	1002115.427	0	0.002115427	3392798.411
0	585.8800437	0	0	0	2663.114426	0	2077.227882	0.0685	0.0065	2077.234382	0	532.6228852	53.26365852	1491.347839	0	1002077.228	0	0.002077228	3399846.026
0	503.1005838	0	0	0	2286.743336	0	1783.658752	0.0525	-0.016	1783.642752	0	457.3486671	45.73591671	1280.558168	0	1001783.659	0	0.001783659	3405910.192
0	505.0443986	0	0	0	2295.771857	0	1790.700459	0.0795	0.027	1790.727459	0	459.1543714	45.91702714	1285.65606	0	1001790.7	0	0.0017907	3412009.156
0	423.8297474	0	0	0	1926.333488	0	1502.539241	0.044	-0.0355	1502.503741	0	385.2666976	38.52754976	1078.709493	0	1001502.539	0	0.001502539	3417135.834
0	419.1129496	0	0	0	1905.295407	0	1486.128458	0.098	0.054	1486.182458	0	381.0590815	38.10786815	1067.015508	0	1001486.128	0	0.001486128	3422214.137
0	303.7690699	0	0	0	1380.463363	0	1076.760793	0.0315	-0.0665	1076.694293	0	276.0926727	27.60989727	772.9917235	0	1001076.761	0	0.001076761	3425899.043
0	317.1288996	0	0	0	1441.944271	0	1124.713871	0.133	0.1015	1124.815371	0	288.3888542	28.84154542	807.5849717	0	1001124.714	0	0.001124714	3429752.199
0	214.8359929	0	0	0	976.0229225	0	761.2974295	0.0225	-0.1105	761.1869295	0	195.2045845	19.52090845	546.4614366	0	1000761.297	0	0.000761297	3432363.261
0	212.6423677	0	0	0	967.3248077	0	754.50944	0.1955	0.173	754.68244	0	193.4649615	19.35040615	541.8670723	0	1000754.509	0	0.000754509	3434953.011
0	159.6587588	0	0	0	724.9064947	0	565.4267359	0.0165	-0.179	565.2477359	0	144.9812989	14.49845989	405.767977	0	1000565.427	0	0.000565427	3436895.225
0	148.9008641	0	0	0	677.7894733	0	528.6711091	0.234	0.2175	528.8886091	0	135.5578947	13.56046947	379.770245	0	1000528.671	0	0.000528671	3438712.213
0	101.8329988	0	0	0	461.8648582	0	360.2543594	0.0115	-0.2225	360.0318594	0	92.37297165	9.237527165	258.4213606	0	1000360.254	0	0.000360254	3439951.024
0	87.81501921	0	0	0	400.4365873	0	312.3345681	0.2985	0.287	312.6215681	0	80.08731747	8.014701747	224.5195489	0	1000312.335	0	0.000312335	3441025.439
0	56.06626422	0	0	0	253.5165646	0	197.7428004	0.006	-0.2925	197.4503004	0	50.70331293	5.070451293	141.6765362	0	1000197.743	0	0.000197743	3441705.877
0	2943.35817	0	0	0	13380.71323	0	10436.94806	0.413	0.407	10437.35506	0	2676.142646	267.6225246	7493.589888	0	1010436.948	0	0.010436948	3477626.783
0	18.86959346	0	0	0	83.90340663	0	65.44461317	0.0022	-0.4108	65.03381317	0	16.78068133	1.678112133	46.57501971	0	1000065.445	0	6.54E-05	3477854.375
0	1601.300186	0	0	0	7283.458162	0	5681.075677	1.0845	1.0823	5682.157977	0	1456.691632	145.6908532	4079.775491	0	1005681.076	0	0.005681076	3497612.329
0	9.842535234	0	0	0	39.86047834	0	31.0909431	0.0115	-1.073	30.0179431	0	7.972095667	0.797439567	21.24840787	0	1000031.091	0	3.11E-05	3497721.073
0	1912.057807	0	0	0	8694.861397	0	6781.97509	0.84	0.8285	6782.80359	0	1738.972279	173.9140279	4869.917282	0	1006781.975	0	0.006781975	3521442.53
0	24390.41356	0	0	0	19946.7569	0	15558.45358	-20001.27024	-20002.11024	-4443.656656	0	3989.35138	398.951938	-8831.959974	0	1015558.454	0	0.015558454	3576230.73
0	4388.303318	0	0	0	19946.7569	0	15558.45358	-20001.27024	0	15558.45358	0	3989.35138	398.951938	11170.15026	0	1015558.454	0	0.015558454	3631871.35
0	1952.846096	0	0	0	17946.7569	0	13998.45358	-18005.81302	1995.457222	15993.9108	0	3589.35138	358.951938	12045.60749	0	1013998.454	0	0.013998454	3682711.932
0	3955.141906	0	0	0	17952.3623	0	14002.82579	-18011.41842	-5.6054	13997.22039	0	3590.47246	359.064046	10047.68389	0	1014002.826	0	0.014002826	3734280.306
0	1514.079284	0	0	0	15952.3623	0	12442.82579	-16015.96119	1995.457222	14438.28302	0	3190.47246	319.064046	10928.74651	0	1012442.826	0	0.012442826	3780745.305
0	3510.107649	0	0	0	15953.52627	0	12443.74012	-16016.28269	-0.3215	12443.41862	0	3190.705254	319.0808954	8933.632471	0	1012443.74	0	0.01244374	3827791.917
0	1116.709569	0	0	0	14145.23455	0	11033.27676	-14021.03447	1995.248222	13028.52498	0	2829.04691	282.910881	9916.567189	0	1011033.277	0	0.011033277	3870025.005
0	3130.625216	0	0	0	14228.73898	0	11098.41627	-14021.33697	-0.3025	11098.11377	0	2845.747796	284.5749196	7967.791049	0	1011098.416	0	0.011098416	3912976.153
0	1851.974495	0	0	0	12953.1953	0	10103.49219	-13023.60836	997.7286109	11101.2208	0	2590.63906	259.064046	8251.517699	0	1010103.492	0	0.010103492	3952510.877
0	2849.765082	0	0	0	12953.2461	0	10103.53182	-13023.65916	-0.0508	10103.48102	0	2590.64922	259.065062	7253.766736	0	1010103.532	0	0.010103532	3992445.197
0	4482.357425	0	0	0	24910.6128	0	19430.27276	-12025.67655	997.9826109	20428.25537	0	4982.12256	498.217476	14947.91534	0	1019430.273	0	0.019430273	4070019.496
0	2724.449185	0	0	0	12382.72702	0	9658.526838	-12025.92555	-0.249	9658.277838	0	2476.545405	247.6547805	6934.077653	0	1009658.527	0	0.009658527	4109329.888
0	1411.984671	0	0	0	10953.2411	0	8543.527818	-11028.19694	997.7286109	9541.256429	0	2190.64822	219.065062	7131.543147	0	1008543.528	0	0.008543528	4144438.063
0	2409.416382	0	0	0	10954.25469	0	8544.307809	-11027.66644	0.5305	8544.838309	0	2190.850938	219.0959438	6134.891427	0	1008544.308	0	0.008544308	4179849.417
0	1326.955864	0	0	0	10565.28621	0	8240.918731	-10030.25483	997.4116109	9238.330342	0	2113.057241	211.3102341	6913.962866	0	1008240.919	0	0.008240919	4214295.217
0	2332.672875	0	0	0	10603.46302	0	8270.700847	-10030.16553	0.0893	8270.790147	0	2120.692604	212.0695704	5938.027972	0	1008270.701	0	0.008270701	4249150.392
0	971.9181251	0	0	0	8952.9383	0	6983.291564	-9032.436918	997.7286109	7981.020175	0	1790.58766	179.059076	6011.373439	0	1006983.292	0	0.006983292	4278823.448
0	1969.866336	0	0	0	8953.1183	0	6983.431964	-9032.616918	-0.18	6983.251964	0	1790.62366	179.062676	5013.565628	0	1006983.432	0	0.006983432	4308704.32
0	4176.756367	0	0	0	23521.22008	0	18346.5476	-8034.700807	997.9161109	19344.46371	0	4704.244016	470.4284616	14169.79124	0	1018346.548	0	0.018346548	4387754.169
0	1962.29344	0	0	0	8922.863093	0	6959.832753	-8033.963907	0.7369	6960.569653	0	1784.572619	178.4577219	4997.539312	0	1006959.833	0	0.006959833	4418292.204
0	3965.285407	0	0	0	22559.80958	0	17596.64806	-7036.087796	997.8761109	18594.52418	0	4511.961917	451.1996017	13631.36266	0	1017596.648	0	0.017596648	4496039.337
0	1784.263935	0	0	0	8109.642568	0	6325.520633	-7036.229796	-0.142	6325.378633	0	1621.928514	162.1934214	4541.256698	0	1006325.521	0	0.006325521	4524479.127
0	3901.505433	0	0	0	22270.50307	0	17370.98902	-6038.221185	998.0086109	18368.99763	0	4454.100613	445.4134313	13469.48359	0	1017370.989	0	0.017370989	4603073.804
0	1617.511445	0	0	0	7351.708068	0	5734.331623	-6038.356185	-0.135	5734.196623	0	1470.341614	147.0348314	4116.820178	0	1005734.332	0	0.005734332	4629469.356
0	3976.520636	0	0	0	22610.7509	0	17636.38265	-5040.508574	997.8476109	18634.23026	0	4522.150179	452.2180679	13659.86201	0	1017636.383	0	0.017636383	4711116.449
0	1462.842747	0	0	0	6648.767986	0	5186.038239	-5040.621574	-0.113	5185.925239	0	1329.753597	132.9761497	3723.195492	0	1005186.038	0	0.005186038	4735548.479
0	330.3437816	0	0	0	6037.074421	0	4708.915528	-4042.806463	997.8151109	5706.730639	0	1207.414884	120.7440084	4378.571746	0	1004708.916	0	0.004708916	4757847.776
0	1315.001366	0	0	0	5978.589301	0	4663.298735	-4042.517263	0.2892	4663.587935	0	1195.71786	119.572706	3348.297369	0	1004663.299	0	0.004663299	4780035.042
0	187.7254127	0	0	0	5388.77288	0	4203.240356	-3044.710153	997.8071109	5201.047467	0	1077.754576	107.7779476	4015.514944	0	1004203.24	0	0.00420324	4800126.678
0	1184.855009	0	0	0	5385.401497	0	4200.611988	-3044.775653	-0.0655	4200.546488	0	1077.080299	107.7092099	3015.756979	0	1004200.612	0	0.004200612	4820290.148
0	60.32101739	0	0	0	4807.229038	0	3749.636409	-2047.504042	997.2716109	4746.90802	0	961.4458075	96.14682075	3689.315392	0	1003749.636	0	0.003749636	4838364.483
0	1056.855181	0	0	0	4803.692139	0	3746.878458	-2047.545542	-0.0415	3746.836958	0	960.7384278	96.07525278	2690.023278	0	1003746.878	0	0.003746878	4856493.247
0	0	56.15781011	0	0	4279.989604	0	3338.389903	-1049.788031	997.7575109	4336.147414	0	855.9979207	85.60178007	3394.547713	0	1003338.39	0	0.00333839	4872706.115
0	943.8114587	0	0	0	4288.028176	0	3344.660417	-1050.231731	-0.4437	3344.216717	0	857.6056352	85.76212352	2400.848959	0	1003344.66	0	0.00334466	4889003.662
0	0	150.3244406	0	0	3851.890183	0	3004.472513	-52.48961981	997.7421109	4002.214624	0	770.3780367	77.03963367	3154.796953	0	1003004.473	0	0.003004473	4903692.539
0	836.800146	0	0	0	3803.993982	0	2967.111836	-52.40761981	0.082	2967.193836	0	760.7987964	76.08334964	2130.31169	0	1002967.112	0	0.002967112	4918242.344
0	705.4587064	0	0	0	3445.196619	0	2687.251793	0.0785	52.48611981	2739.737913	0	689.0393238	68.90550238	1981.793086	0	1002687.252	0	0.002687252	4931458.899
0	747.5232929	0	0	0	3397.930695	0	2650.383902	0.102	0.0235	2650.407402	0	679.586139	67.9606539	1902.860609	0	1002650.384	0	0.002650384	4944529.158
0	673.358825	0	0	0	3060.563432	0	2387.238107	0.0685	-0.0335	2387.204607	0	612.1126864	61.21263864	1713.879282	0	1002387.238	0	0.002387238	4956332.927
0	665.2078341	0	0	0	3023.884019	0	2358.627185	0.1175	0.049	2358.676185	0	604.7768037	60.48003037	1693.41935	0	1002358.627	0	0.002358627	4968023.068
0	596.0540201	0	0	0	2709.071864	0	2113.074844	0.0605	-0.057	2113.017844	0	541.8143728	54.18264728	1517.020824	0	1002113.075	0	0.002113075	4978520.873
0	4412.213376	0	0	0	20056.06666	0	15643.72829	0.1855	0.125	15643.85329	0	4011.213333	401.1250433	11231.51491	0	1015643.728	0	0.015643728	5056403.501
0	528.3852562	0	0	0	2401.148528	0	1872.894772	0.054	-0.1315	1872.763272	0	480.2297056	48.02405056	1344.509516	0	1001872.895	0	0.001872895	5065873.612
0	4352.875712	0	0	0	19786.24146	0	15433.26525	0.1545	0.1005	15433.36575	0	3957.248293	395.7279193	11080.38954	0	1015433.265	0	0.015433265	5144056.584
0	470.2904749	0	0	0	2137.199977	0	1667.015002	0.049	-0.1055	1666.909502	0	427.4399954	42.74497954	1196.724527	0	1001667.015	0	0.001667015	5152631.803
0	4299.885058	0	0	0	19545.54904	0	15245.52448	0.1885	0.1395	15245.66398	0	3909.109808	390.9147508	10945.63942	0	1015245.524	0	0.015245524	5231186.377
0	417.1287179	0	0	0	1895.378809	0	1478.394591	0.044	-0.1445	1478.250091	0	379.0757617	37.90845617	1061.265873	0	1001478.395	0	0.001478395	5238920.135
0	3991.665911	0	0	0	18144.61573	0	14152.79632	0.1975	0.1535	14152.94982	0	3628.923146	362.8962646	10161.13041	0	1014152.796	0	0.014152796	5313065.505
0	0	9.31E-12	0	0	-0.1975	0	-0.1975	0.1975	0	-0.1975	0	0	0	-0.1975	0	999999.8025	0	-1.98E-07	5313064.455
0	0	9.31E-12	0	0	-0.1975	0	-0.1975	0.1975	0	-0.1975	0	0	0	-0.1975	0	999999.8025	0	-1.98E-07	5313063.406
0	332.4574461	0	0	0	1510.426164	0	1178.131718	0.0345	-0.163	1177.968718	0	302.0852328	30.20921328	845.674272	0	1001178.132	0	0.001178132	5319322.895
0	4123.539695	0	0	0	18744.2233	0	14620.4896	0.2285	0.194	14620.6836	0	3748.844659	374.8890359	10496.94991	0	1014620.49	0	0.01462049	5397094
0	264.6756058	0	0	0	1202.157026	0	937.6819207	0.028	-0.2005	937.4814207	0	240.4314053	24.04370053	673.0063148	0	1000937.682	0	0.000937682	5402154.757
0	4143.570522	0	0	0	18835.54037	0	14691.71585	0.282	0.254	14691.96985	0	3767.108074	376.7164474	10548.14533	0	1014691.716	0	0.014691716	5481521.68
0	211.4135543	0	0	0	959.7868833	0	748.633329	0.022	-0.26	748.373329	0	191.9573767	19.19617767	537.2197746	0	1000748.633	0	0.000748633	5485625.33
0	4034.668531	0	0	0	18340.6076	0	14305.66806	0.293	0.271	14305.93906	0	3668.121519	366.8180119	10270.99953	0	1014305.668	0	0.014305668	5564100.865
0	167.8841219	0	0	0	761.8580088	0	594.2488868	0.018	-0.275	593.9738868	0	152.3716018	15.23752018	426.3647649	0	1000594.249	0	0.000594249	5567407.325
0	3979.405313	0	0	0	18089.73224	0	14109.98393	0.361	0.343	14110.32693	0	3617.946449	361.8018649	10130.57862	0	1014109.984	0	0.014109984	5645963.353
0	138.8433332	0	0	0	629.529742	0	491.0329088	0.0145	-0.3465	490.6864088	0	125.9059484	12.59088484	352.1895755	0	1000491.033	0	0.000491033	5648735.707
0	3887.834211	0	0	0	17673.74528	0	13785.51307	0.4125	0.398	13785.91107	0	3534.749055	353.4831555	9897.678855	0	1013785.513	0	0.013785513	5726606.427
0	75.72318434	0	0	0	342.3591561	0	267.0399717	0.0085	-0.404	266.6359717	0	68.47183122	6.847353122	191.3167874	0	1000267.04	0	0.00026704	5728135.66
0	3620.912068	0	0	0	16460.99122	0	12839.56265	0.525	0.5165	12840.07915	0	3292.198244	329.2303244	9218.650582	0	1012839.563	0	0.012839563	5801682.416
0	56.91188027	0	0	0	256.3307285	0	199.9378482	0.006	-0.519	199.4188482	0	51.2661457	5.12673457	143.025968	0	1000199.938	0	0.000199938	5802842.392
0	3123.956606	0	0	0	14199.80221	0	11075.8456	0.006	0	11075.8456	0	2839.960441	283.9961641	7951.888996	0	1011075.846	0	0.011075846	5867113.779
0	0	5.22E-11	0	0	-0.006	0	-0.006	0.006	0	-0.006	0	0	0	-0.006	0	999999.994	0	-6.00E-09	5867113.744
0	693.797085	0	0	0	3154.513477	0	2460.516392	0.206	0.2	2460.716392	0	630.9026955	63.09438955	1766.719307	0	1002460.516	0	0.002460516	5881549.873
0	0	5.59E-12	0	0	-0.206	0	-0.206	0.206	0	-0.206	0	0	0	-0.206	0	999999.794	0	-2.06E-07	5881548.661
0	0	5.59E-12	0	0	-0.206	0	-0.206	0.206	0	-0.206	0	0	0	-0.206	0	999999.794	0	-2.06E-07	5881547.45
0	0	0.293334333	0	0	-0.344216657	0	-0.347382324	0.5025	0.2965	-0.050882324	0	0	0.003165667	-0.05404799	0	999999.6526	0	-3.47E-07	5881545.407
0	5.59E-11	0	0	0	-0.5025	0	-0.5025	0.5025	0	-0.5025	0	0	0	-0.5025	0	999999.4975	0	-5.03E-07	5881542.451
0	42873.80114	0	0	0	37195.88326	0	29012.77373	-34690.18911	-34690.69161	-5677.917881	0	7439.176653	743.9328853	-13861.02742	0	1029012.774	0	0.029012774	6052182.312
0	7630.269259	0	0	0	34679.587	0	27050.07785	-34690.94921	-0.7601	27049.31775	0	6935.917401	693.5917581	19419.80859	0	1027050.078	0	0.027050078	6215894.314
0	2644.738995	0	0	0	34657.97655	0	27033.20851	-29710.92016	4980.029047	32013.23756	0	6931.595311	693.1727311	24388.46952	0	1027033.209	0	0.027033209	6383929.881
0	6533.735583	0	0	0	29695.8039	0	23162.72701	-29711.57886	-0.6587	23162.06831	0	5939.160779	593.9161039	16628.99143	0	1023162.727	0	0.023162727	6531799.106
0	2176.135395	0	0	0	32530.4626	0	25373.75006	-24731.00171	4980.577147	30354.3272	0	6506.09252	650.620022	23197.61466	0	1025373.75	0	0.02537375	6697535.344
0	5443.259844	0	0	0	24736.11216	0	19294.16742	-24732.31681	-1.3151	19292.85232	0	4947.222432	494.7223112	13850.90757	0	1019294.167	0	0.019294167	6826758.713
0	4998.759771	0	0	0	31778.43181	0	24787.16697	-22739.81173	1992.505079	26779.67204	0	6355.686363	635.5784863	19788.4072	0	1024787.167	0	0.024787167	6995974.721
0	5013.315182	0	0	0	22785.62537	0	17772.78769	-22740.28923	-0.4775	17772.31019	0	4557.125075	455.7126075	12759.47251	0	1017772.788	0	0.017772788	7120312.694
0	4840.354282	0	0	0	31058.20359	0	24225.38983	-20747.82976	1992.459479	26217.84931	0	6211.640719	621.1730419	19385.03555	0	1024225.39	0	0.02422539	7292805.045
0	4592.20694	0	0	0	20871.66045	0	16279.89501	-20748.27126	-0.4415	16279.45351	0	4174.332091	417.4333491	11687.68807	0	1016279.895	0	0.016279895	7411531.145
0	5082.675048	0	0	0	27632.24771	0	21553.14468	-19751.84327	996.4279893	22549.57267	0	5526.449543	552.6534943	16470.46963	0	1021553.145	0	0.021553145	7571272.948
0	4387.731351	0	0	0	19939.64632	0	15552.92397	-19752.85227	-1.009	15551.91497	0	3987.929265	398.7930865	11165.19262	0	1015552.924	0	0.015552924	7689028.381
0	5975.072429	0	0	0	31688.58599	0	24717.08858	-18756.42728	996.4249893	25713.51356	0	6337.717199	633.7802199	18742.01615	0	1024717.089	0	0.024717089	7879078.776
0	4221.07382	0	0	0	19181.76646	0	14961.77764	-18757.51228	-1.085	14960.69264	0	3836.353291	383.6355291	10740.70382	0	1014961.778	0	0.014961778	7996963.801
0	1869.162638	0	0	0	17552.38344	0	13690.85182	-16765.1433	1992.368979	15683.2208	0	3510.476688	351.0549288	11821.68918	0	1013690.852	0	0.013690852	8106449.047
0	3783.991125	0	0	0	17198.36089	0	13414.72126	-16765.4948	-0.3515	13414.36976	0	3439.672178	343.9674478	9630.730137	0	1013414.721	0	0.013414721	8215194.802
0	1520.296446	0	0	0	15963.80443	0	12451.76101	-14773.74782	1991.746979	14443.50799	0	3192.760886	319.2825386	10931.46456	0	1012451.761	0	0.012451761	8317488.444
0	3374.083779	0	0	0	15335.37209	0	11961.58981	-14774.04932	-0.3015	11961.28831	0	3067.074417	306.7078617	8587.506028	0	1011961.59	0	0.01196159	8416978.829
0	1153.663102	0	0	0	14299.71537	0	11153.77229	-12781.76934	1992.279979	13146.05227	0	2859.943073	286.0000073	10000.10918	0	1011153.772	0	0.011153772	8510859.894
0	3017.578255	0	0	0	13715.07848	0	10697.76072	-12782.02984	-0.2605	10697.50022	0	2743.015695	274.3020595	7680.182467	0	1010697.761	0	0.010697761	8601907.037
0	830.4879804	0	0	0	12830.57018	0	10007.83972	-10789.78736	1992.242479	12000.0822	0	2566.114035	256.6164235	9177.351738	0	1010007.84	0	0.01000784	8687993.544
0	2659.111864	0	0	0	12085.87597	0	9426.982608	-10790.00586	-0.2185	9426.764108	0	2417.175194	241.7181694	6767.870744	0	1009426.983	0	0.009426983	8769895.108
0	1661.182451	0	0	0	12076.61945	0	9419.758515	-9794.327373	995.6784893	10415.437	0	2415.323891	241.5370491	7758.576064	0	1009419.759	0	0.009419759	8852505.402
0	2485.825914	0	0	0	11298.31666	0	8812.686242	-9794.522873	-0.1955	8812.490742	0	2259.663331	225.9670831	6326.860327	0	1008812.686	0	0.008812686	8930519.755
0	1507.527948	0	0	0	11380.78563	0	8877.007188	-8798.272384	996.2504893	9873.257678	0	2276.157125	227.6213125	7369.47924	0	1008877.007	0	0.008877007	9009796.043
0	2334.630309	0	0	0	10610.60872	0	8276.273913	-8798.567884	-0.2955	8275.978413	0	2122.121744	212.2130644	5941.643604	0	1008276.274	0	0.008276274	9084363.583
0	235.5863198	0	0	0	10126.36845	0	7898.563649	-6806.349405	1992.218479	9890.782128	0	2025.27369	202.531109	7662.977329	0	1007898.564	0	0.007898564	9156117.007
0	2029.813051	0	0	0	9225.835775	0	7196.150725	-6806.477405	-0.128	7196.022725	0	1845.167155	184.5178955	5166.337674	0	1007196.151	0	0.007196151	9222005.805
0	0	35.0112659	0	0	8896.212285	0	6939.041073	-4814.294926	1992.182479	8931.223551	0	1779.242457	177.9287557	6974.052339	0	1006939.041	0	0.006939041	9285997.682
0	1752.118085	0	0	0	7963.486661	0	6211.518076	-4814.444426	-0.1495	6211.368576	0	1592.697332	159.2712532	4459.39999	0	1006211.518	0	0.006211518	9343677.824
0	0	483.1230749	0	0	6858.951335	0	5349.978932	-2822.348948	1992.095479	7342.07441	0	1371.790267	137.1821367	5833.102006	0	1005349.979	0	0.005349979	9393666.304
0	1513.538379	0	0	0	6879.170222	0	5365.750843	-2822.467948	-0.119	5365.631843	0	1375.834044	137.5853344	3852.212464	0	1005365.751	0	0.005365751	9444070.377
0	0	684.4378175	0	0	5943.699824	0	4636.083162	-830.4134689	1992.054479	6628.137641	0	1188.739965	118.8766965	5320.52098	0	1004636.083	0	0.004636083	9487853.872
0	1301.930612	0	0	0	5917.789553	0	4615.873442	-830.4279689	-0.0145	4615.858942	0	1183.557911	118.3582011	3313.94283	0	1004615.873	0	0.004615873	9531648.605
0	391.2021141	0	0	0	5553.416377	0	4331.662294	0.124	830.5519689	5162.214263	0	1110.683275	111.0708075	3940.46018	0	1004331.662	0	0.004331662	9572936.488
0	1209.709687	0	0	0	5498.706988	0	4288.988801	0.1325	0.0085	4288.997301	0	1099.741398	109.9767898	3079.279113	0	1004288.989	0	0.004288989	9613994.705
0	1125.89426	0	0	0	5117.628998	0	3991.748238	0.119	-0.0135	3991.734738	0	1023.5258	102.35496	2865.853979	0	1003991.748	0	0.003991748	9652371.352
0	1132.111574	0	0	0	5146.204792	0	4014.036218	0.176	0.057	4014.093218	0	1029.240958	102.9276158	2881.924644	0	1004014.036	0	0.004014036	9691116.32
0	968.8861308	0	0	0	4403.673322	0	3434.863191	0.1	-0.076	3434.787191	0	880.7346643	88.07546643	2465.97706	0	1003434.863	0	0.003434863	9724403.979
0	727.9162447	0	0	0	3309.186658	0	2581.161413	0.209	0.109	2581.270413	0	661.8373315	66.18791315	1853.245168	0	1002581.161	0	0.002581161	9749504.235
0	838.7118894	0	0	0	3811.773224	0	2973.181335	0.089	-0.12	2973.061335	0	762.3546449	76.23724449	2134.469446	0	1002973.181	0	0.002973181	9778491.279
0	563.2487608	0	0	0	2560.89064	0	1997.489879	0.241	0.152	1997.641879	0	512.178128	51.2226328	1434.241118	0	1001997.49	0	0.00199749	9798023.716
0	718.2962301	0	0	0	3264.2215	0	2546.09127	0.075	-0.166	2545.92527	0	652.8443001	65.28593001	1827.79504	0	1002546.091	0	0.002546091	9822970.379
0	5668.701073	0	0	0	25767.72274	0	20098.81817	0.2785	0.2035	20099.02167	0	5153.544549	515.3600249	14430.1171	0	1020098.818	0	0.020098818	10020400.47
0	627.3781729	0	0	0	2850.740377	0	2223.576204	0.0645	-0.214	2223.362204	0	570.1480754	57.01609754	1596.198031	0	1002223.576	0	0.002223576	10042681.6
0	5593.391292	0	0	0	25425.5201	0	19831.89981	0.2935	0.229	19832.12881	0	5085.10402	508.516272	14238.50852	0	1019831.9	0	0.0198319	10241847.05
0	588.0927613	0	0	0	2672.082097	0	2084.222836	0.06	-0.2335	2083.989336	0	534.4164194	53.44284194	1496.130074	0	1002084.223	0	0.002084223	10263193.35
0	5552.543527	0	0	0	25239.95576	0	19687.15923	0.313	0.253	19687.41223	0	5047.991152	504.8053752	14134.61571	0	1019687.159	0	0.019687159	10465246.47
0	546.2977908	0	0	0	2481.996276	0	1935.955985	0.0555	-0.2575	1935.698485	0	496.3992552	49.64103552	1389.658195	0	1001935.956	0	0.001935956	10485506.72
0	5515.717995	0	0	0	25072.76338	0	19556.74839	0.3525	0.297	19557.04539	0	5014.552677	501.4623177	14041.0304	0	1019556.748	0	0.019556748	10690569.14
0	423.3360682	0	0	0	1922.841901	0	1499.815833	0.0425	-0.31	1499.505833	0	384.5683802	38.45768802	1076.479764	0	1001499.816	0	0.001499816	10706603.02
0	5389.194594	0	0	0	24498.03907	0	19108.46197	0.425	0.3825	19108.84447	0	4899.607813	489.9692813	13719.26738	0	1019108.462	0	0.019108462	10911189.74
0	327.7946433	0	0	0	1488.181924	0	1160.781281	0.031	-0.394	1160.387281	0	297.6363849	29.76425849	832.9866376	0	1001160.781	0	0.001160781	10923855.25
0	5332.308924	0	0	0	24239.91211	0	18907.12118	0.513	0.482	18907.60318	0	4847.982422	484.8085022	13574.81226	0	1018907.121	0	0.018907121	11130393.9
0	239.2152271	0	0	0	1085.108123	0	846.3838962	0.022	-0.491	845.8928962	0	217.0216247	21.70260247	607.1686691	0	1000846.384	0	0.000846384	11139814.49
0	2624.971414	0	0	0	11934.35452	0	9308.784104	0.621	0.599	9309.383104	0	2386.870904	238.6995104	6683.81269	0	1009308.784	0	0.009308784	11243512.62
0	132.076172	0	0	0	597.5791909	0	466.1115189	0.0125	-0.6085	465.5030189	0	119.5158382	11.95183382	334.0353469	0	1000466.112	0	0.000466112	11248753.35
0	4886.176868	0	0	0	22213.61549	0	17326.60312	0.848	0.8355	17327.43862	0	4442.723098	444.2892698	12440.42626	0	1017326.603	0	0.017326603	11443656.03
0	71.1746046	0	0	0	319.6975664	0	249.3639618	0.007	-0.841	248.5229618	0	63.93951327	6.394091327	178.1893572	0	1000249.364	0	0.000249364	11446509.67
0	4576.625953	0	0	0	20808.02747	0	16230.23802	1.1705	1.1635	16231.40152	0	4161.605494	416.1839594	11653.61206	0	1016230.238	0	0.016230238	11632289.24
0	59.93698737	0	0	0	267.1404426	0	208.3694552	0.0045	-1.166	207.2034552	0	53.42808852	5.342898852	148.4324679	0	1000208.369	0	0.000208369	11634713.06
0	0	3.91E-11	0	0	-0.0045	0	-0.0045	0.0045	0	-0.0045	0	0	0	-0.0045	0	999999.9955	0	-4.50E-09	11634713
0	44693.23382	0	0	0	41845.04926	0	32639.11959	-35487.29966	-35487.30416	-2848.184565	0	8369.009852	836.9198152	-12054.11423	0	1032639.12	0	0.03263912	12014459.79
0	7806.044699	0	0	0	35477.75162	0	27672.64622	-35488.23896	-0.9393	27671.70692	0	7095.550323	709.5550763	19866.60152	0	1027672.646	0	0.027672646	12346931.69
0	3362.008068	0	0	0	37865.5915	0	29535.14821	-30519.80374	4968.435221	34503.58343	0	7573.118299	757.3249899	26173.14014	0	1029535.148	0	0.029535148	12711600.15
0	6721.497532	0	0	0	30548.64315	0	23827.94161	-30520.59974	-0.796	23827.14561	0	6109.728629	610.9729029	17106.44408	0	1023827.942	0	0.023827942	13014491.41
0	3316.571454	0	0	0	37657.94934	0	29373.18947	-25552.41131	4968.188421	34341.37789	0	7531.589869	753.1700069	26056.61801	0	1029373.189	0	0.029373189	13396768.53
0	5669.726202	0	0	0	25769.02274	0	20099.83753	-25552.95231	-0.541	20099.29653	0	5153.804547	515.3806547	14430.11133	0	1020099.838	0	0.020099838	13666041.41
0	6192.026205	0	0	0	37179.8717	0	29000.28972	-23565.39655	1987.555769	30987.84549	0	7435.974339	743.6076339	22808.26352	0	1029000.29	0	0.02900029	14062360.57
0	5266.975052	0	0	0	23937.3536	0	18671.13555	-23566.15355	-0.757	18670.37855	0	4787.47072	478.747332	13404.1605	0	1018671.136	0	0.018671136	14324920.81
0	6082.960988	0	0	0	36684.24039	0	28613.69814	-21578.57228	1987.581269	30601.2794	0	7336.848078	733.6941778	22530.73715	0	1028613.698	0	0.028613698	14734809.77
0	4885.90395	0	0	0	22206.27786	0	17320.89641	-21579.09478	-0.5225	17320.37391	0	4441.255573	444.1258773	12434.99246	0	1017320.896	0	0.017320896	14990029.88
0	6266.688363	0	0	0	33002.9103	0	25742.26106	-20585.13389	993.9608843	26736.22194	0	6600.582061	660.0671861	19475.57269	0	1025742.261	0	0.025742261	15375907.14
0	4660.02871	0	0	0	21179.99018	0	16520.39197	-20585.56439	-0.4305	16519.96147	0	4235.998037	423.6001737	11860.36326	0	1016520.392	0	0.016520392	15629923.15
0	6984.930684	0	0	0	36267.86808	0	28288.92852	-19591.55551	994.0088843	29282.9374	0	7253.573617	725.3659517	21303.99783	0	1028288.929	0	0.028288929	16072076.93
0	4460.279368	0	0	0	20271.80908	0	15812.01071	-19592.03651	-0.481	15811.52971	0	4054.361817	405.4365517	11351.73135	0	1015812.011	0	0.015812011	16326208.79
0	5938.190375	0	0	0	36025.50597	0	28099.88683	-17604.60774	1987.428769	30087.3156	0	7205.101195	720.5179495	22161.69645	0	1028099.887	0	0.028099887	16784973.41
0	4093.561003	0	0	0	18605.45178	0	14512.25178	-17604.96874	-0.361	14511.89078	0	3721.090357	372.1096457	10418.69078	0	1014512.252	0	0.014512252	17028561.17
0	5714.322687	0	0	0	35007.71289	0	27306.00893	-15617.58747	1987.381269	29293.3902	0	7001.542578	700.1613778	21591.68625	0	1027306.009	0	0.027306009	17493543.21
0	3723.132213	0	0	0	16922.17301	0	13199.2943	-15617.84097	-0.2535	13199.0408	0	3384.434602	338.4441102	9476.162086	0	1013199.294	0	0.013199294	17724445.63
0	2517.401392	0	0	0	20476.0585	0	15971.31934	-13630.5032	1987.337769	17958.65711	0	4095.2117	409.52746	13453.91795	0	1015971.319	0	0.015971319	18007528.42
0	3380.939113	0	0	0	15366.35556	0	11985.75644	-13630.8432	-0.34	11985.41644	0	3073.271111	307.3280011	8604.817332	0	1011985.756	0	0.011985756	18223362.27
0	5627.513485	0	0	0	34612.77688	0	26997.96012	-11643.53993	1987.303269	28985.26339	0	6922.555376	692.2613776	21370.44664	0	1026997.96	0	0.02699796	18715355.87
0	3063.612716	0	0	0	13924.43676	0	10861.05954	-11643.77543	-0.2355	10860.82404	0	2784.887351	278.4898651	7797.446823	0	1010861.06	0	0.01086106	18918624.47
0	2115.925311	0	0	0	14134.86639	0	11025.19019	-10650.02455	993.7508843	12018.94108	0	2826.973278	282.7029178	8909.264882	0	1011025.19	0	0.01102519	19127205.9
0	2906.071193	0	0	0	13208.42692	0	10302.57173	-10650.24055	-0.216	10302.35573	0	2641.685384	264.1698084	7396.500536	0	1010302.572	0	0.010302572	19324265.31
0	1979.465708	0	0	0	13514.50797	0	10541.31087	-9656.509166	993.7313843	11535.04226	0	2702.901593	270.2954993	8561.845165	0	1010541.311	0	0.010541311	19527968.4
0	2763.562306	0	0	0	12560.74725	0	9797.381448	-9656.705666	-0.1965	9797.184948	0	2512.149451	251.2163551	7033.819142	0	1009797.381	0	0.009797381	19719291.35
0	725.3881475	0	0	0	12330.03248	0	9617.420566	-7669.481898	1987.223769	11604.64433	0	2466.006496	246.6054196	8892.032418	0	1009617.421	0	0.009617421	19908940.07
0	2508.462807	0	0	0	11401.40935	0	8893.097543	-7669.632898	-0.151	8892.946543	0	2280.28187	228.029937	6384.634736	0	1008893.098	0	0.008893098	20085992.22
0	496.9861825	0	0	0	11291.67537	0	8807.502417	-5682.446129	1987.186769	10794.68919	0	2258.335074	225.8378774	8310.516235	0	1008807.502	0	0.008807502	20262899.64
0	2238.414976	0	0	0	10174.09475	0	7935.791777	-5682.558129	-0.112	7935.679777	0	2034.818951	203.4840251	5697.376802	0	1007935.792	0	0.007935792	20423701.8
0	275.2833842	0	0	0	10283.77774	0	8021.342587	-3695.406361	1987.151769	10008.49436	0	2056.755548	205.6796048	7746.059203	0	1008021.343	0	0.008021343	20587527.3
0	2005.72605	0	0	0	9116.581861	0	7110.931312	-3695.481861	-0.0755	7110.855812	0	1823.316372	182.3341772	5105.205262	0	1007110.931	0	0.007110931	20733923.8
0	0	167.456631	0	0	8271.114125	0	6451.465488	-1708.376592	1987.105269	8438.570756	0	1654.222825	165.4258125	6618.922119	0	1006451.465	0	0.006451465	20867687.99
0	1800.565354	0	0	0	8184.256108	0	6383.716754	-1708.402592	-0.026	6383.690754	0	1636.851222	163.6881322	4583.1514	0	1006383.717	0	0.006383717	21000901.4
0	758.7460265	0	0	0	7964.985776	0	6212.685365	-714.848208	993.5543843	7206.23975	0	1592.997155	159.3032555	5453.939339	0	1006212.685	0	0.006212685	21131373.39
0	1695.909974	0	0	0	7708.603247	0	6012.707272	-714.862208	-0.014	6012.693272	0	1541.720649	154.1753249	4316.797298	0	1006012.707	0	0.006012707	21258430.16
0	947.2473292	0	0	0	7555.78726	0	5893.510723	0.167	715.029208	6608.539931	0	1511.157452	151.1190852	4946.263394	0	1005893.511	0	0.005893511	21383716.94
0	1600.836641	0	0	0	7276.559549	0	5675.712908	0.177	0.01	5675.722908	0	1455.31191	145.534731	4074.876268	0	1005675.713	0	0.005675713	21505084.78
0	1489.840485	0	0	0	6771.876977	0	5282.060992	0.1525	-0.0245	5282.036492	0	1354.375395	135.4405895	3792.220507	0	1005282.061	0	0.005282061	21618675.95
0	7257.090429	0	0	0	32987.00136	0	25729.85693	0.2065	0.054	25729.91093	0	6597.400272	659.7441572	18472.7665	0	1025729.857	0	0.025729857	22174921.39
0	1352.579534	0	0	0	6147.764882	0	4795.253848	0.138	-0.0685	4795.185348	0	1229.552976	122.9580576	3442.674314	0	1004795.254	0	0.004795254	22281255.77
0	7212.115824	0	0	0	32782.7642	0	25570.55138	0.235	0.097	25570.64838	0	6556.55284	655.659984	18358.43555	0	1025570.551	0	0.025570551	22850999.76
0	1217.776402	0	0	0	5534.83592	0	4317.169518	0.125	-0.11	4317.059518	0	1106.967184	110.6992184	3099.393115	0	1004317.17	0	0.00431717	22949651.4
0	7158.259445	0	0	0	32538.15743	0	25379.75749	0.2655	0.1405	25379.89799	0	6507.631486	650.7684586	18221.49804	0	1025379.757	0	0.025379757	23532107.99
0	1115.34512	0	0	0	5069.049319	0	3953.856199	0.1135	-0.152	3953.704199	0	1013.809864	101.3832564	2838.511078	0	1003953.856	0	0.003953856	23625150.56
0	7059.334081	0	0	0	32088.79618	0	25029.2546	0.321	0.2075	25029.4621	0	6417.759237	641.7823437	17969.92052	0	1025029.255	0	0.025029255	24216470.47
0	1055.399246	0	0	0	4796.286844	0	3741.101598	0.107	-0.214	3740.887598	0	959.2573688	95.92787688	2685.702353	0	1003741.102	0	0.003741102	24307066.74
0	7035.38095	0	0	0	31979.42223	0	24943.94528	0.203	0.096	24944.04128	0	6395.884445	639.5925045	17908.56433	0	1024943.945	0	0.024943945	24913380.89
0	1012.862922	0	0	0	4603.451783	0	3590.690361	0.1015	-0.1015	3590.588861	0	920.6903566	92.07106566	2577.827439	0	1003590.69	0	0.00359069	25002837.12
0	1715.065401	0	0	0	7796.91637	0	6081.587469	0.365	0.2635	6081.850969	0	1559.383274	155.9456274	4366.522067	0	1006081.587	0	0.006081587	25154894.06
0	922.9418496	0	0	0	4193.96278	0	3271.28903	0.0969	-0.2681	3271.02093	0	838.792556	83.8811936	2348.347181	0	1003271.289	0	0.003271289	25237182.99
0	6952.505645	0	0	0	31603.66425	0	24650.85001	0.4055	0.3086	24651.15861	0	6320.73285	632.081395	17698.34436	0	1024650.85	0	0.02465085	25859301.01
0	845.5151138	0	0	0	3841.788199	0	2996.593085	0.0855	-0.32	2996.273085	0	768.3576398	76.83747398	2151.077971	0	1002996.593	0	0.002996593	25936790.81
0	4024.678534	0	0	0	18295.5892	0	14270.55067	0.4455	0.36	14270.91067	0	3659.11784	365.920694	10245.87213	0	1014270.551	0	0.014270551	26306923.1
0	680.5703735	0	0	0	3091.786288	0	2411.591915	0.0695	-0.376	2411.215915	0	618.3572577	61.83711577	1731.021542	0	1002411.592	0	0.002411592	26370364.66
0	6790.207137	0	0	0	30866.68749	0	24076.00535	0.5445	0.475	24076.48035	0	6173.337497	617.3446397	17285.79821	0	1024076.005	0	0.024076005	27005257.7
0	553.1251416	0	0	0	2511.981871	0	1959.344729	0.0565	-0.488	1958.856729	0	502.3963741	50.24076741	1406.219588	0	1001959.345	0	0.001959345	27058170.31
0	6661.321382	0	0	0	30281.34101	0	23619.43313	0.643	0.5865	23620.01963	0	6056.268201	605.6396801	16958.11174	0	1023619.433	0	0.023619433	27697268.95
0	378.1509856	0	0	0	1716.105753	0	1338.561767	0.036	-0.607	1337.954767	0	343.2211505	34.32283505	960.4107814	0	1001338.562	0	0.001338562	27734343.46
0	1700.639149	0	0	0	7733.818497	0	6032.361348	0.854	0.818	6033.179348	0	1546.763699	154.6934499	4331.722198	0	1006032.361	0	0.006032361	27901647.04
0	270.6988682	0	0	0	1226.678946	0	956.8090781	0.025	-0.829	955.9800781	0	245.3357892	24.53407892	686.1102099	0	1000956.809	0	0.000956809	27928343.59
0	1474.905057	0	0	0	6708.757712	0	5232.809655	1.068	1.043	5233.852655	0	1341.751542	134.1965142	3757.904599	0	1005232.81	0	0.00523281	28074487.29
0	195.240901	0	0	0	882.6842771	0	688.4933762	0.018	-1.05	687.4433762	0	176.5368554	17.65404554	493.2524752	0	1000688.493	0	0.000688493	28093816.39
0	4422.277431	0	0	0	20106.88105	0	15683.34162	1.28	1.262	15684.60362	0	4021.37621	402.163221	11261.06419	0	1015683.342	0	0.015683342	28534421.31
0	153.1608254	0	0	0	690.4319793	0	538.5366539	0.0145	-1.2655	537.2711539	0	138.0863959	13.80892959	385.3758284	0	1000538.537	0	0.000538537	28549788.14
0	0	1.4155	0	0	-1.43	0	-1.43	1.43	1.4155	-0.0145	0	0	0	-0.0145	0	999998.57	0	-1.43E-06	28549747.32
0	122.3781366	0	0	0	549.8088029	0	428.8506663	0.01	-1.42	427.4306663	0	109.9617606	10.99637606	306.4725296	0	1000428.851	0	0.000428851	28561990.9
0	0	1.5515	0	0	-1.5615	0	-1.5615	1.5615	1.5515	-0.01	0	0	0	-0.01	0	999998.4385	0	-1.56E-06	28561946.3
0	45437.73084	0	0	0	41673.66739	0	32505.44551	-36267.94745	-36269.50895	-3764.063447	0	8334.733478	833.4884078	-12932.28533	0	1032505.446	0	0.032505446	29490365.09
0	7976.488182	0	0	0	36247.43665	0	28273.00057	-36269.99955	-2.0521	28270.94847	0	7249.487331	724.9487511	20296.51239	0	1028273.001	0	0.028273001	30324146.2
0	3920.684015	0	0	0	40348.62222	0	31471.90933	-31313.97068	4956.028874	36427.93821	0	8069.724445	806.9884445	27551.22532	0	1031471.909	0	0.031471909	31278504.97
0	6908.462048	0	0	0	31402.20931	0	24493.70726	-31313.93068	0.04	24493.74726	0	6280.441862	628.0601862	17585.24521	0	1024493.707	0	0.024493707	32044631.52
0	3927.455028	0	0	0	40374.8956	0	31492.4073	-26358.8974	4955.033274	36447.44057	0	8074.97912	807.509182	27564.95227	0	1031492.407	0	0.031492407	33053794.11
0	5871.978689	0	0	0	26688.31545	0	20816.88576	-26359.4464	-0.549	20816.33676	0	5337.66309	533.766599	14944.90707	0	1020816.886	0	0.020816886	33741871.16
0	3806.090762	0	0	0	39826.31716	0	31064.51813	-21403.73813	4955.708274	36020.2264	0	7965.263433	796.5356033	27258.42736	0	1031064.518	0	0.031064518	34790046.13
0	4904.021965	0	0	0	22289.05898	0	17385.46551	-21404.16663	-0.4285	17385.03701	0	4457.811796	445.7816696	12481.44355	0	1017385.466	0	0.017385466	35394887.28
0	3562.009031	0	0	0	38716.47834	0	30198.84553	-16448.54286	4955.623774	35154.46931	0	7743.295668	774.3371368	26636.8365	0	1030198.846	0	0.030198846	36463772.01
0	4042.951803	0	0	0	18374.96056	0	14332.46826	-16449.00236	-0.4595	14332.00876	0	3674.992112	367.5001912	10289.51645	0	1014332.468	0	0.014332468	36986387.87
0	6495.872716	0	0	0	38537.60303	0	30059.3234	-14466.59545	1982.40691	32041.73031	0	7707.520605	770.7590205	23563.45068	0	1030059.323	0	0.030059323	38098173.66
0	3732.521452	0	0	0	16964.69428	0	13232.46033	-14466.88295	-0.2875	13232.17283	0	3392.938856	339.2950956	9499.938877	0	1013232.46	0	0.01323246	38602306.23
0	6470.744579	0	0	0	38423.20722	0	29970.09523	-12484.51554	1982.36741	31952.46264	0	7684.641444	768.4705444	23499.35065	0	1029970.095	0	0.029970095	39759221.03
0	3442.479424	0	0	0	15646.51775	0	12204.28232	-12484.75954	-0.244	12204.03832	0	3129.303549	312.9318749	8761.802898	0	1012204.282	0	0.012204282	40244453.78
0	1133.852771	0	0	0	14164.47528	0	11048.28459	-10502.42163	1982.33791	13030.6225	0	2832.895055	283.2956255	9914.431824	0	1011048.285	0	0.011048285	40689085.96
0	3163.006749	0	0	0	14374.77909	0	11212.32584	-10502.97513	-0.5535	11211.77234	0	2874.955817	287.4974317	8049.319089	0	1011212.326	0	0.011212326	41145305.25
0	6012.623827	0	0	0	36343.96348	0	28348.27575	-8519.911219	1983.06391	30331.33966	0	7268.792697	726.8950397	22335.65192	0	1028348.276	0	0.028348276	42311703.71
0	2905.860304	0	0	0	13205.36629	0	10300.18349	-8520.588719	-0.6775	10299.50599	0	2641.073258	264.1095458	7394.323183	0	1010300.183	0	0.010300183	42747522.02
0	774.2800738	0	0	0	12529.72556	0	9773.180577	-6538.32381	1982.26491	11755.44549	0	2505.945112	250.5998712	8998.900503	0	1009773.181	0	0.009773181	43165301.28
0	2663.535461	0	0	0	12106.34473	0	9442.946271	-6538.46081	-0.137	9442.809271	0	2421.268947	242.1295147	6779.41081	0	1009442.946	0	0.009442946	43572908.9
0	6290.048504	0	0	0	37601.1757	0	29328.91229	-4556.2459	1982.21491	31311.1272	0	7520.23514	752.028274	23038.86378	0	1029328.912	0	0.029328912	44850854.92
0	2447.232595	0	0	0	11113.47516	0	8668.507564	-4558.5109	-2.265	8666.242564	0	2222.695032	222.2725632	6221.274969	0	1008668.508	0	0.008668508	45239644.9
0	317.8976738	0	0	0	10463.6272	0	8161.624614	-2574.40599	1984.10491	10145.72952	0	2092.725439	209.2771439	7843.72694	0	1008161.625	0	0.008161625	45608873.89
0	2245.755832	0	0	0	10198.98564	0	7955.205312	-2576.38149	-1.9755	7953.229812	0	2039.797129	203.9832029	5709.44948	0	1007955.205	0	0.007955205	45971701.85
0	136.0134002	0	0	0	9622.341181	0	7505.421871	-595.475581	1980.90591	9486.32778	0	1924.468236	192.4510736	7369.408471	0	1007505.422	0	0.007505422	46316738.87
0	2060.743231	0	0	0	9366.955276	0	7306.221045	-595.484581	-0.009	7306.212045	0	1873.391055	187.3431755	5245.477814	0	1007306.221	0	0.007306221	46655139.2
0	1366.147363	0	0	0	8917.401973	0	6955.569529	0.2005	595.685081	7551.25461	0	1783.480395	178.3520495	5589.422166	0	1006955.57	0	0.00695557	46979652.26
0	1900.001458	0	0	0	8636.483444	0	6736.452487	0.23	0.0295	6736.481987	0	1727.296689	172.7342689	4836.451029	0	1006736.452	0	0.006736452	47296128.46
0	1822.122354	0	0	0	8282.135156	0	6460.061801	0.181	-0.049	6460.012801	0	1656.427031	165.6463231	4637.939447	0	1006460.062	0	0.006460062	47601664.37
0	1746.926248	0	0	0	7940.89372	0	6193.891972	0.2565	0.0755	6193.967472	0	1588.178744	158.8230044	4446.965723	0	1006193.892	0	0.006193892	47896503.94
0	1679.866867	0	0	0	7635.356533	0	5955.574666	0.1715	-0.085	5955.489666	0	1527.071307	152.7105607	4275.707798	0	1005955.575	0	0.005955575	48181755.14
0	8126.702408	0	0	0	36940.05308	0	28813.23567	0.2865	0.115	28813.35067	0	7388.010617	738.8067917	20686.53327	0	1028813.236	0	0.028813236	49570027.41
0	1560.609377	0	0	0	7093.076075	0	5532.596199	0.157	-0.1295	5532.466699	0	1418.615215	141.8646615	3971.986822	0	1005532.596	0	0.005532596	49844278.36
0	8091.2282	0	0	0	36779.00845	0	28687.62025	0.317	0.16	28687.78025	0	7355.801691	735.5865091	20596.39205	0	1028687.62	0	0.02868762	51274192.08
0	1512.264276	0	0	0	6873.158029	0	5361.060253	0.1505	-0.1665	5360.893753	0	1374.631606	137.4661706	3848.795976	0	1005361.06	0	0.00536106	51549076.12
0	8073.736332	0	0	0	36699.60078	0	28625.68195	0.333	0.1825	28625.86445	0	7339.920156	733.9986756	20551.94562	0	1028625.682	0	0.028625682	53024703.58
0	1446.396753	0	0	0	6573.667425	0	5127.457671	0.146	-0.187	5127.270671	0	1314.733485	131.4762685	3681.060918	0	1005127.458	0	0.005127458	53296585.5
0	8056.692008	0	0	0	36622.21831	0	28565.3233	0.349	0.203	28565.5263	0	7324.443662	732.4513462	20508.63129	0	1028565.323	0	0.028565323	54819019.69
0	1354.921245	0	0	0	6157.747932	0	4803.040687	0.135	-0.214	4802.826687	0	1231.549586	123.1576586	3448.119442	0	1004803.041	0	0.004803041	55082317.68
0	8023.605061	0	0	0	36472.02678	0	28448.17322	0.3835	0.2485	28448.42172	0	7294.405355	729.4482055	20424.56815	0	1028448.173	0	0.028448173	56649308.99
0	1268.696637	0	0	0	5765.620987	0	4497.18185	0.126	-0.2575	4496.92435	0	1153.124197	115.3149397	3228.485213	0	1004497.182	0	0.004497182	56904071.24
0	7940.741896	0	0	0	36095.71316	0	28154.64727	0.45	0.324	28154.97127	0	7219.142632	721.9232632	20213.90537	0	1028154.647	0	0.028154647	58506185.29
0	1075.714189	0	0	0	4888.034451	0	3812.664762	0.1055	-0.3445	3812.320262	0	977.6068901	97.76279901	2736.950572	0	1003812.665	0	0.003812665	58729249.76
0	7857.555212	0	0	0	35717.9256	0	27859.97189	0.504	0.3985	27860.37039	0	7143.58512	714.368592	20002.41668	0	1027859.972	0	0.027859972	60365445.01
0	918.2843747	0	0	0	4172.136567	0	3254.264692	0.0915	-0.4125	3253.852192	0	834.4273133	83.44456133	2335.980317	0	1003254.265	0	0.003254265	60561890.14
0	7761.73443	0	0	0	35282.88123	0	27520.6353	0.603	0.5115	27521.1468	0	7056.576246	705.6696846	19758.90087	0	1027520.635	0	0.027520635	62228591.83
0	778.5141172	0	0	0	3536.315987	0	2758.32487	0.08	-0.523	2757.80187	0	707.2631975	70.72791975	1979.810753	0	1002758.325	0	0.002758325	62400238.51
0	7680.265515	0	0	0	34912.99888	0	27232.12537	0.688	0.608	27232.73337	0	6982.599777	698.2737377	19551.85986	0	1027232.125	0	0.027232125	64099529.63
0	697.2696229	0	0	0	3166.558513	0	2469.91439	0.0625	-0.6255	2469.28889	0	633.3117026	63.33242026	1772.644767	0	1002469.914	0	0.002469914	64257849.98
0	1683.699745	0	0	0	7656.46243	0	5972.024685	0.8005	0.738	5972.762685	0	1531.292486	153.1452586	4288.324941	0	1005972.025	0	0.005972025	64641599.44
0	537.3136114	0	0	0	2438.929825	0	1902.364213	0.0525	-0.748	1901.616213	0	487.785965	48.7796465	1365.050602	0	1001902.364	0	0.001902364	64764571.31
0	647.9127428	0	0	0	2949.173604	0	2300.335861	0.9775	0.925	2301.260861	0	589.8347207	59.00302207	1652.423118	0	1002300.336	0	0.002300336	64913551.57
0	410.4704806	0	0	0	1861.512139	0	1451.978658	0.0405	-0.937	1451.041658	0	372.3024278	37.23105278	1041.508178	0	1001451.979	0	0.001451979	65007804.67
0	699.699171	0	0	0	3185.520823	0	2484.682652	1.1795	1.139	2485.821652	0	637.1041645	63.73400645	1784.983481	0	1002484.683	0	0.002484683	65169328.43
0	326.7960503	0	0	0	1480.208865	0	1154.562315	0.03	-1.1495	1153.412815	0	296.041773	29.6047773	827.7662644	0	1001154.562	0	0.001154562	65244570.48
0	0	1.282	0	0	-1.312	0	-1.312	1.312	1.282	-0.03	0	0	0	-0.03	0	999998.688	0	-1.31E-06	65244484.88
0	250.4347468	0	0	0	1132.476349	0	883.3311021	0.0225	-1.2895	882.0416021	0	226.4952698	22.64997698	632.8963554	0	1000883.331	0	0.000883331	65302117.36
0	0	1.5863	0	0	-1.6088	0	-1.6088	1.6088	1.5863	-0.0225	0	0	0	-0.0225	0	999998.3912	0	-1.61E-06	65302012.3
0	197.1182819	0	0	0	888.7618723	0	693.2338904	0.0185	-1.5903	691.6435904	0	177.7523745	17.77560745	496.1156085	0	1000693.234	0	0.000693234	65347281.87
0	0	1.8034	0	0	-1.8219	0	-1.8219	1.8219	1.8034	-0.0185	0	0	0	-0.0185	0	999998.1781	0	-1.82E-06	65347162.82
